0.0053 25.1774 0.000137682 0.0034664747868 0.0872768222972 0.0150879
0.0056 25.1701 0.000138015 0.0034738513515 0.0874371859024 0.016132
0.0059 25.4419 0.000138405 0.0035212861695 0.0895882105958 0.0170229
0.0062 25.5534 0.000138692 0.0035440521528 0.0905625822814 0.0177547
0.0065 25.7396 0.000139003 0.0035778816188 0.0920932417153 0.0185919
0.0068 25.9846 0.00013934 0.003620694164 0.0940822895739 0.0193381
0.0071 26.2954 0.000139866 0.0036778324164 0.0967100745222 0.0206523
0.0074 26.4625 0.000140109 0.0037076344125 0.0981132756408 0.021267
0.0077 26.4195 0.000140428 0.003710037546 0.0980173369465 0.0222463
0.008 26.3108 0.000140652 0.0037006666416 0.0973674998738 0.0229359
0.0083 26.7416 0.000141014 0.0037709399824 0.100840968633 0.0236889
0.0086 27.0753 0.000141444 0.0038296387332 0.103688617593 0.0246807
0.0089 27.1535 0.0001417 0.00384765095 0.104477190071 0.0254575
0.0092 27.2624 0.000142078 0.0038733872672 0.105597833033 0.0264189
0.0095 27.5198 0.000142336 0.0039170582528 0.107796659705 0.0271029
0.0098 27.6588 0.000142691 0.0039466618308 0.109159930246 0.0280428
0.0101 27.946 0.000143025 0.00399697665 0.111699509461 0.0288791
0.0104 28.0367 0.000143391 0.0040202104497 0.112713434315 0.0299037
0.0107 28.2438 0.000143622 0.0040564310436 0.114569027109 0.0305343
0.011 28.6887 0.000144049 0.0041325785463 0.118558306141 0.0315121
0.0113 28.9776 0.00014444 0.004185524544 0.121286456026 0.0325981
0.0116 29.3745 0.000144807 0.0042536332215 0.124948349065 0.0333273
0.0119 29.5311 0.000145129 0.0042858190119 0.126564949822 0.034208
0.0122 30.1731 0.000145477 0.0043894920687 0.132444583138 0.0349466
0.0125 30.2019 0.000145726 0.0044012020794 0.132924665082 0.0357484
0.0128 30.4971 0.000146 0.0044525766 0.135790673828 0.0365984
0.0131 31.1384 0.000146452 0.0045602809568 0.141999852545 0.0376024
0.0134 31.2457 0.000146639 0.0045818382023 0.143162741918 0.0383462
0.0137 31.8201 0.000147008 0.0046778092608 0.14884835846 0.0390729
0.014 32.6079 0.000147401 0.0048064370679 0.156727819266 0.0400022
0.0143 32.9577 0.000147721 0.0048685444017 0.160456025828 0.0407739
0.0146 33.2581 0.000147931 0.0049199039911 0.163626658926 0.0415808
0.0149 34.2244 0.000148285 0.005074965154 0.173687637417 0.0423766
0.0152 35.1631 0.000148696 0.0052286123176 0.183854217785 0.0435347
0.0155 36.05 0.000149077 0.00537422585 0.193740841892 0.0443466
0.0158 36.5816 0.000149265 0.005460352524 0.199748431892 0.0448555
0.0161 38.3507 0.000149716 0.0057417134012 0.220198728135 0.0459151
0.0164 40.3701 0.00015003 0.006056726103 0.244510638451 0.0467838
0.0167 43.965 0.000150503 0.006616864395 0.290910443126 0.0478727
0.017 44.7004 0.000150648 0.0067340258592 0.301013649517 0.0483901
0.0173 48.3761 0.00015102 0.007305758622 0.353424109674 0.049122
0.0176 53.2459 0.000151301 0.0080561579159 0.428957378774 0.0500194
0.0179 59.3973 0.000151712 0.0090112831776 0.535245890285 0.0511741
0.0182 63.8383 0.000151983 0.0097023363489 0.619380658542 0.051674
0.0185 80.5416 0.00015246 0.012279372336 0.989000294937 0.0529563
0.0188 86.7209 0.000152664 0.0132391594776 1.14811182514 0.0534629
0.0191 121.637 0.000152891 0.018597202567 2.26210792864 0.0543128
0.0194 148.39 0.000153093 0.02271747027 3.37104541337 0.055067
0.0197 179.053 0.000153255 0.027440767515 4.91335174586 0.0556474
