0.0053 25.4618 0.000137805 0.003508763349 0.0893394306396
0.0056 25.2428 0.000137997 0.0034834306716 0.0879315437571
0.0059 25.6541 0.000138478 0.0035525284598 0.0911369203606
0.0062 25.7498 0.000138807 0.0035742524886 0.092036286731
0.0065 25.8059 0.000139035 0.0035879233065 0.0925895900552
0.0068 25.9923 0.000139324 0.0036213512052 0.0941272469309
0.0071 26.3324 0.000139776 0.0036806375424 0.0969200200215
0.0074 26.3937 0.000140071 0.0036969919527 0.097577296502
0.0077 26.8752 0.000140434 0.0037741918368 0.101432160452
0.008 26.7596 0.000140705 0.003765209518 0.100755500618
0.0083 26.9772 0.000141027 0.0038045135844 0.102635123869
0.0086 27.2591 0.000141315 0.0038521197165 0.105005316564
0.0089 28.0036 0.000141765 0.003969930354 0.111172341661
0.0092 27.9233 0.000142025 0.0039658066825 0.110738409737
0.0095 28.4561 0.000142299 0.0040492745739 0.115226562202
0.0098 28.7898 0.000142682 0.0041077862436 0.118262344396
0.0101 29.4396 0.000143066 0.0042118058136 0.12399387843
0.0104 29.9538 0.0001433 0.00429237954 0.128573078265
0.0107 30.0267 0.000143692 0.0043145965764 0.129553097021
0.011 31.0472 0.000144067 0.0044728769624 0.138870305627
0.0113 32.3446 0.000144479 0.0046731154634 0.151150050417
0.0116 33.1386 0.00014477 0.004797475122 0.158981609078
0.0119 35.6177 0.000145015 0.0051651007655 0.183969009535
0.0122 39.4146 0.000145297 0.0057268231362 0.225720443184
0.0125 44.7061 0.00014579 0.006517702319 0.291381051643
0.0128 47.8491 0.000146091 0.0069903228681 0.334480657948
0.0131 47.4572 0.000146375 0.00694654765 0.329663701136
0.0134 55.2858 0.000146813 0.0081166741554 0.448736824021
0.0137 60.3159 0.000147022 0.0088677642498 0.534867181715
0.014 65.6825 0.000147378 0.009680155485 0.635816812644
0.0143 66.3025 0.000147638 0.009788768495 0.64901982314
0.0146 64.8949 0.000147936 0.0096002919264 0.623009984535
0.0149 68.5615 0.00014837 0.010172469755 0.697439785107
0.0152 75.3151 0.000148637 0.0111946105187 0.843123210677
0.0155 77.4502 0.000149053 0.0115441846606 0.8940994108
0.0158 79.3849 0.000149497 0.0118678043953 0.94212446514
0.0161 89.1257 0.000149857 0.0133561100249 1.19037265525
0.0164 89.614 0.000150113 0.013452226382 1.205507815
0.0167 93.5737 0.00015041 0.014074420217 1.31699557506
0.017 105.045 0.000150652 0.01582523934 1.66236226647
0.0173 113.237 0.000150991 0.017097767867 1.93609993996
0.0176 140.387 0.000151199 0.021226374013 2.97990696856
0.0179 154.728 0.000151409 0.023427211752 3.62484561996
0.0182 172.442 0.000151726 0.026163934892 4.51176126065
0.0185 201.496 0.000151993 0.030625981528 6.17101277397
0.0188 210.922 0.00015201 0.03206225322 6.76263457367
0.0191 234.298 0.000152189 0.035657578322 8.35449928569
0.0194 301.854 0.000152111 0.045915313794 13.85972113
0.0197 305.487 0.000152257 0.046512534159 14.2089745226
