0.0053 24.7426 0.00013834 0.003422891284 0.0846912298835
0.0056 24.9679 0.00013868 0.003462548372 0.0864525614973
0.0059 25.1488 0.000138978 0.0034951299264 0.087898323493
0.0062 25.4207 0.000139447 0.0035448403529 0.090112323159
0.0065 25.5467 0.000139658 0.0035678010286 0.0911455425373
0.0068 25.6175 0.000139975 0.0035858095625 0.0918594764673
0.0071 25.9208 0.000140357 0.0036381657256 0.0943041661401
0.0074 26.2454 0.000140686 0.0036923603444 0.0969074741829
0.0077 26.847 0.00014111 0.00378838017 0.101706642424
0.008 26.954 0.000141395 0.00381116083 0.102726029012
0.0083 27.2225 0.000141697 0.0038573465825 0.105006617342
0.0086 27.8144 0.000142058 0.0039512580352 0.109901871494
0.0089 28.6901 0.000142377 0.0040848103677 0.11719361793
0.0092 28.8757 0.000142674 0.0041198116218 0.118962444448
0.0095 30.2887 0.000143075 0.0043335557525 0.131257770121
0.0098 30.535 0.000143352 0.00437725332 0.133659430126
0.0101 33.2755 0.000143754 0.004783486227 0.159172895947
0.0104 32.8234 0.000144014 0.0047270291276 0.155157167867
0.0107 42.491 0.000144395 0.006135487945 0.260703018271
0.011 41.242 0.000144643 0.005965366606 0.246023649565
0.0113 77.5132 0.000145086 0.0112460801352 0.871719658736
0.0116 86.9213 0.000145296 0.0126293172048 1.09775666955
0.0119 96.9092 0.000145584 0.0141084289728 1.36723656501
0.0122 86.0985 0.000145786 0.012551955921 1.08070457686
0.0125 99.0074 0.00014598 0.014453100252 1.43096387789
0.0128 139.006 0.000146293 0.020335604758 2.82677107499
0.0131 132.159 0.000146413 0.019349795667 2.55724964556
0.0134 145.681 0.000146674 0.021367614994 3.11285551994
0.0137 169.778 0.000146925 0.02494463265 4.23504984205
0.014 172.893 0.000146873 0.025393313589 4.39032616634
0.0143 175.394 0.000147112 0.025802562128 4.52561458188
0.0146 198.408 0.000147392 0.029243751936 5.80219433412
0.0149 198.901 0.00014736 0.02931005136 5.82979852556
0.0152 241.063 0.000147788 0.035626218644 8.58816314498
0.0155 251.605 0.000147857 0.037201560485 9.36009862583
0.0158 261.986 0.000147813 0.038724936618 10.1453912448
0.0161 238.575 0.000147761 0.035252080575 8.41026512318
0.0164 235.985 0.000148116 0.03495315426 8.24842010805
0.0167 277.651 0.000148159 0.041136494509 11.4215888369
0.017 263.893 0.000148153 0.039096539629 10.3173031323
0.0173 282.428 0.000148442 0.041924177176 11.8405615115
0.0176 281.586 0.000148262 0.041748503532 11.7557941156
0.0179 316.859 0.000148292 0.046987654828 14.8884613211
0.0182 307.928 0.000148336 0.045676807808 14.0651680747
0.0185 310.537 0.000148672 0.046168156864 14.3369209281
0.0188 321.006 0.000148324 0.047612893944 15.2840246334
0.0191 366.234 0.000148361 0.054334842474 19.8992666986
0.0194 367.837 0.000148901 0.054771297137 20.146909625
0.0197 332.706 0.00014868 0.04946672808 16.4578772326
