0.0053 24.7334 0.000138399 0.0034230778266 0.0846643531164
0.0056 25.1408 0.000138776 0.0034889396608 0.0877147342242
0.0059 25.0927 0.000138985 0.0034875089095 0.0875110148134
0.0062 25.1822 0.000139376 0.0035097943072 0.0883843422028
0.0065 25.6551 0.000139703 0.0035840944353 0.0919503011471
0.0068 25.8157 0.000140045 0.0036153597065 0.0933330415751
0.0071 26.0966 0.000140419 0.0036644584754 0.0956299070491
0.0074 26.2461 0.000140736 0.0036937711296 0.0969470864446
0.0077 26.7776 0.000141156 0.0037798189056 0.101214478727
0.008 27.028 0.000141368 0.003820894304 0.103271131249
0.0083 27.5375 0.000141781 0.0039042942875 0.107514503942
0.0086 27.4016 0.000142012 0.0038913560192 0.106629381096
0.0089 28.1535 0.000142313 0.0040066090455 0.112800067762
0.0092 28.9757 0.000142747 0.0041361942479 0.119849123669
0.0095 30.1456 0.000143135 0.004314890456 0.13007496173
0.0098 31.2418 0.000143394 0.0044798866692 0.139959723342
0.0101 32.4196 0.000143753 0.0046604147588 0.151088782314
0.0104 37.1468 0.00014396 0.005347653328 0.198648208645
0.0107 46.0415 0.000144403 0.0066485307245 0.306108327352
0.011 41.1103 0.0001447 0.00594866041 0.244551214053
0.0113 73.8557 0.000145033 0.0107115137381 0.791106345187
0.0116 79.703 0.000145251 0.011576940453 0.922716884925
0.0119 112.242 0.000145487 0.016329751854 1.8328840076
0.0122 81.40536 0.000145639 0.011855795225 0.965125278381
0.0125 103.04064 0.000145904 0.0150340415386 1.54911726192
0.0128 126.71928 0.000146059 0.0185084913175 2.34538269364
0.0131 128.988 0.000146183 0.018855852804 2.43217874148
0.0134 123.87672 0.000146245 0.0181163509164 2.24419412989
0.0137 126.59904 0.000146269 0.0185175149818 2.34429961988
0.014 145.61136 0.000146387 0.0213156101563 3.10379498409
0.0143 176.84928 0.000146478 0.0259045288358 4.58119727336
0.0146 168.44112 0.000146529 0.0246815088725 4.15738099777
0.0149 179.14392 0.000146521 0.0262483463023 4.70223165012
0.0152 176.97384 0.000146639 0.0259512669238 4.59269536036
0.0155 184.58136 0.000146586 0.027057043237 4.99422583826
0.0158 201.97872 0.000146659 0.0296219970965 5.98301305739
0.0161 215.09496 0.000146591 0.0315309852814 6.78215601785
0.0164 216.70848 0.000146579 0.0317649122899 6.88372585968
0.0167 232.34688 0.000146618 0.0340662348518 7.91518338117
0.017 235.51848 0.000146704 0.0345515030899 8.13751748945
0.0173 238.25376 0.00014646 0.0348946456896 8.31378053941
0.0176 264.26808 0.00014655 0.038728487124 10.2347029336
0.0179 250.4664 0.000146571 0.0367111107144 9.19489974064
0.0182 247.34664 0.00014653 0.0362437031592 8.96475819759
0.0185 277.92648 0.000146535 0.0407259567468 11.3188218033
0.0188 280.29744 0.00014644 0.0410467571136 11.5053009392
0.0191 306.29952 0.00014652 0.0448790056704 13.7464178949
0.0194 300.09024 0.000146319 0.0439089038266 13.1766334874
0.0197 309.34584 0.000146415 0.0452928711636 14.0111612761
