0.0053 24.9156 0.000138371 0.0034475964876 0.0858989350464
0.0056 24.8032 0.000138607 0.0034378971424 0.0852708504024
0.0059 25.2901 0.000139064 0.0035169424664 0.0889438266695
0.0062 25.3912 0.000139427 0.0035402188424 0.0898904046711
0.0065 25.585 0.000139619 0.003572152115 0.0913935118623
0.0068 25.7803 0.000140053 0.0036106083559 0.0930825665976
0.0071 26.0378 0.000140373 0.0036550040994 0.0951682657394
0.0074 26.0858 0.000140716 0.0036706894328 0.0957528704061
0.0077 26.626 0.000141035 0.00375519791 0.0999858995517
0.008 27.006 0.00014134 0.00381702804 0.103082659248
0.0083 27.0622 0.000141671 0.0038339289362 0.103754551657
0.0086 27.8017 0.000142051 0.0039492592867 0.109796121911
0.0089 28.4087 0.000142354 0.0040440920798 0.114887398667
0.0092 28.5895 0.000142637 0.0040779205115 0.116585708464
0.0095 30.7385 0.000143048 0.004397080948 0.13515967272
0.0098 30.9709 0.000143333 0.0044391520097 0.137484532977
0.0101 32.7514 0.000143659 0.0047050333726 0.154096429999
0.0104 34.0595 0.000144008 0.004904840476 0.167056414192
0.0107 40.0359 0.000144403 0.0057813040677 0.231459711524
0.011 51.6246 0.000144679 0.0074689955034 0.385583905265
0.0113 49.3227 0.000145036 0.0071535671172 0.352833244852
0.0116 72.4075 0.000145321 0.0105223303075 0.76189563174
0.0119 93.7384 0.000145598 0.0136481235632 1.27935326582
0.0122 111.61 0.000145782 0.01627072902 1.81597606592
0.0125 99.9725 0.00014605 0.014600983625 1.45969683545
0.0128 133.184 0.000146317 0.019487083328 2.59536770596
0.0131 140.243 0.000146469 0.020541251967 2.88076679961
0.0134 155.397 0.000146657 0.022790057829 3.54150661645
0.0137 152.408 0.000146761 0.022367550488 3.40899363478
0.014 187.646 0.000147111 0.027604790706 5.17992855682
0.0143 197.918 0.000147228 0.029139071304 5.76714671435
0.0146 186.668 0.000147323 0.027500489764 5.13346142327
0.0149 191.306 0.000147423 0.028202904438 5.39538483642
0.0152 225.524 0.000147507 0.033266368668 7.50236452748
0.0155 229.893 0.000147743 0.033965081499 7.80833448105
0.0158 249.654 0.000147732 0.036881884728 9.20771004988
0.0161 244.393 0.000147844 0.036132038692 8.83041733205
0.0164 238.732 0.000147968 0.035324696576 8.43313546298
0.0167 249.033 0.0001481 0.0368817873 9.18478213668
0.017 262.788 0.000148398 0.038997213624 10.2479997738
0.0173 288.337 0.000148364 0.042778830668 12.3347196983
0.0176 295.406 0.000148431 0.043847407986 12.9527874035
0.0179 317.264 0.000148262 0.047038195168 14.9235259518
0.0182 305.838 0.000148311 0.045359139618 13.8725485425
0.0185 292.587 0.000148258 0.043378363446 12.6919452256
0.0188 306.526 0.000148465 0.04550838259 13.9495024818
0.0191 333.455 0.000148619 0.049557748645 16.5252790744
0.0194 338.499 0.000148749 0.050351387751 17.0438944023
0.0197 351.888 0.000148749 0.052342988112 18.4188694008
