0.0053 24.8902 0.000138407 0.0034449779114 0.0857461892103
0.0056 24.9802 0.000138744 0.0034658528688 0.0865776978332
0.0059 25.0116 0.000139057 0.0034780380612 0.0869912967715
0.0062 25.4136 0.000139364 0.0035417409504 0.0900083878171
0.0065 25.6239 0.000139777 0.0035816318703 0.0917753768814
0.0068 25.8074 0.000140072 0.0036148941328 0.0932910188428
0.0071 26.0803 0.000140409 0.0036619088427 0.0955036811903
0.0074 26.2204 0.000140675 0.00368855477 0.0967153814913
0.0077 26.4358 0.000141028 0.0037281880024 0.0985576323938
0.008 27.1756 0.000141477 0.0038447223612 0.104482636999
0.0083 27.4378 0.000141705 0.003888073449 0.106680181679
0.0086 27.7691 0.000142103 0.0039460724173 0.109578879563
0.0089 28.6301 0.00014244 0.004078071444 0.116755593249
0.0092 28.5312 0.000142719 0.0040719443328 0.116177458148
0.0095 29.8784 0.000142998 0.0042725514432 0.127657001041
0.0098 31.5395 0.000143464 0.004524782828 0.142709388004
0.0101 32.499 0.000143759 0.004672023741 0.151836099559
0.0104 32.943 0.000143977 0.004743034311 0.156249779307
0.0107 35.6398 0.000144398 0.0051463158404 0.183413667289
0.011 40.0631 0.00014472 0.005797931832 0.232283122779
0.0113 66.964 0.000145049 0.009713061236 0.650425432608
0.0116 82.5719 0.000145296 0.0119973667824 0.99064537022
0.0119 103.318 0.000145466 0.015029256188 1.55279269083
0.0122 120.817 0.000145712 0.017604486704 2.12692127012
0.0125 155.135 0.000145905 0.022634972175 3.51147640837
0.0128 182.78 0.000146108 0.02670562024 4.88125326747
0.0131 189.662 0.000146151 0.027719290962 5.25729616243
0.0134 231.176 0.000146358 0.033834457008 7.82171443328
0.0137 228.539 0.000146119 0.033393890141 7.63180625893
0.014 242.877 0.000146467 0.035573465559 8.63997659457
0.0143 305.616 0.000146382 0.044736681312 13.6722455958
0.0146 290.449 0.000146646 0.042593184054 12.3711477153
0.0149 320.022 0.000146582 0.046909464804 15.0120607455
0.0152 332.55 0.000146681 0.04877876655 16.2213788162
0.0155 363.117 0.000146691 0.053265995847 19.341788614
0.0158 376.209 0.000146739 0.055204532451 20.7684419489
0.0161 404.393 0.000146663 0.059309490559 23.9843428156
0.0164 398.102 0.000146674 0.058391212748 23.2456585774
0.0167 421.283 0.000146616 0.061766828328 26.0213147385
0.017 464.755 0.000146621 0.068142842855 31.6697269311
0.0173 488.131 0.000146629 0.071574160399 34.9375664897
0.0176 494.01 0.000146608 0.07242581808 35.7790783897
0.0179 505.457 0.00014662 0.07411010534 37.4594715148
0.0182 506.047 0.000146691 0.074232540477 37.5651544108
0.0185 513.988 0.000146611 0.075356294668 38.7322311838
0.0188 529.375 0.000146689 0.077653489375 41.1078159379
0.0191 552.839 0.000146699 0.081100928461 44.8357561895
0.0194 604.376 0.000146553 0.088573115928 53.5314655121
0.0197 610.612 0.000146462 0.089431454744 54.6079194441
