
		Noxim - the NoC Simulator
		(C) University of Catania

Loading configuration from file conf4x4.yaml
Traffic table Filename : testTraffic.txt
configuring hub : starts 
configuring hub : ends 
configuring channels : start 
configuring channels : ends 
configuring power : starts 
configuring power : sends 
Using the following configuration: 
- verbose_mode = VERBOSE_HIGH
- trace_mode = 1
- mesh_dim_x = 4
- mesh_dim_y = 4
- buffer_depth = 4
- max_packet_size = 8
- routing_algorithm = XY
- selection_strategy = RANDOM
- packet_injection_rate = 0.01
- probability_of_retransmission = 0.01
- traffic_distribution = TRAFFIC_BUTTERFLY
- clock_period = 1000ps
- simulation_time = 10000
- stats_warm_up_time = 1000
- rnd_generator_seed = 1447743482
Global Routing Table created 
GlobalTrafficTable created
NoC constructor called
NoC::buildMesh invoked
Channel  created
Hub: 1
Hub: 2
Hub: 3
Hub: 4
RoutingAlgorithms::get XY
Initialising router
RoutingAlgorithms::get XY
Initialising router
RoutingAlgorithms::get XY
Initialising router
RoutingAlgorithms::get XY
Initialising router
RoutingAlgorithms::get XY
Initialising router
RoutingAlgorithms::get XY
Initialising router
RoutingAlgorithms::get XY
Initialising router
RoutingAlgorithms::get XY
Initialising router
RoutingAlgorithms::get XY
Initialising router
RoutingAlgorithms::get XY
Initialising router
RoutingAlgorithms::get XY
Initialising router
RoutingAlgorithms::get XY
Initialising router
RoutingAlgorithms::get XY
Initialising router
RoutingAlgorithms::get XY
Initialising router
RoutingAlgorithms::get XY
Initialising router
RoutingAlgorithms::get XY
Initialising router
Reset...

Info: (I702) default timescale unit used for tracing: 1 ps (trace_1.vcd)
 done! Now running for 10000 cycles...
10	3	10
10	3	11
10	3	7
8	1	8
3	10	3
5	12	5
8	1	9
3	10	2
5	12	4
8	1	5
3	10	6
5	12	8
7	14	7
7	14	6
7	14	6
7	14	6
7	14	6
7	14	6
7	14	6
7	14	6
7	14	6
7	14	6
7	14	6
7	14	6
12	5	12
7	14	10
8	1	8
12	5	13
12	5	9
8	1	9
8	1	9
8	1	9
8	1	9
8	1	9
8	1	9
10	3	10
8	1	9
8	1	9
10	3	11
8	1	9
10	3	7
8	1	9
8	1	9
8	1	9
8	1	9
8	1	9
8	1	9
8	1	9
8	1	9
8	1	5
12	5	12
12	5	13
12	5	9
5	12	5
5	12	4
5	12	8
3	10	3
3	10	2
12	5	12
1	8	1
3	10	6
12	5	13
1	8	0
12	5	9
1	8	4
1	8	4
1	8	4
1	8	4
1	8	4
1	8	4
8	1	8
8	1	9
8	1	9
10	3	10
8	1	9
8	1	9
10	3	11
8	1	9
10	3	7
7	14	7
8	1	9
8	1	5
7	14	6
7	14	10
3	10	3
3	10	2
3	10	6
3	10	3
7	14	7
1	8	1
3	10	2
7	14	6
7	14	6
1	8	0
3	10	6
7	14	6
7	14	6
1	8	4
7	14	6
7	14	6
7	14	6
7	14	6
7	14	6
7	14	6
7	14	6
7	14	6
7	14	6
7	14	6
7	14	6
7	14	6
7	14	6
7	14	6
7	14	6
7	14	10
12	5	12
7	14	7
7	14	7
12	5	13
12	5	9
7	14	6
7	14	6
7	14	10
7	14	7
7	14	7
7	14	6
7	14	6
7	14	10
10	3	10
10	3	11
10	3	7
14	7	14
14	7	15
14	7	11
14	7	11
7	14	7
7	14	6
7	14	10
10	3	10
10	3	11
10	3	7
12	5	12
12	5	13
1	8	1
12	5	9
1	8	0
1	8	4
12	5	12
12	5	13
12	5	9
5	12	5
5	12	4
5	12	8
1	8	1
10	3	10
1	8	0
10	3	11
1	8	4
10	3	7
14	7	14
14	7	15
14	7	11
5	12	5
5	12	4
5	12	8
8	1	8
8	1	9
8	1	5
8	1	8
8	1	9
8	1	5
3	10	3
10	3	10
3	10	2
10	3	11
3	10	6
10	3	7
12	5	12
12	5	13
12	5	9
7	14	7
7	14	6
7	14	6
7	14	6
7	14	6
7	14	6
7	14	6
7	14	10
14	7	14
14	7	15
14	7	11
8	1	8
8	1	9
8	1	5
5	12	5
5	12	4
5	12	8
10	3	10
7	14	7
10	3	11
7	14	6
10	3	7
12	5	12
7	14	10
12	5	13
12	5	9
3	10	3
3	10	2
3	10	6
3	10	3
3	10	2
3	10	6
7	14	7
7	14	6
10	3	10
7	14	10
10	3	11
10	3	7
12	5	12
12	5	13
12	5	9
7	14	7
7	14	6
7	14	10
12	5	12
12	5	13
12	5	9
5	12	5
1	8	1
5	12	4
1	8	0
5	12	8
1	8	4
1	8	4
1	8	4
1	8	4
1	8	4
1	8	4
1	8	4
1	8	4
1	8	4
1	8	4
12	5	12
1	8	4
1	8	4
12	5	13
1	8	4
1	8	4
12	5	9
8	1	8
8	1	9
8	1	9
8	1	9
8	1	9
14	7	14
8	1	5
14	7	15
14	7	11
10	3	10
3	10	3
10	3	11
3	10	2
10	3	7
3	10	6
8	1	8
8	1	9
8	1	5
10	3	10
10	3	11
10	3	7
10	3	10
10	3	11
10	3	7
12	5	12
12	5	13
12	5	9
8	1	8
5	12	5
8	1	9
5	12	4
8	1	5
5	12	8
8	1	8
5	12	5
8	1	9
5	12	4
8	1	5
5	12	8
3	10	3
3	10	2
3	10	6
7	14	7
7	14	6
7	14	6
14	7	14
7	14	6
14	7	15
7	14	10
14	7	11
10	3	10
10	3	11
10	3	7
3	10	3
3	10	2
3	10	6
3	10	3
3	10	2
3	10	6
10	3	10
10	3	11
10	3	7
3	10	3
3	10	2
1	8	1
3	10	6
10	3	10
1	8	0
10	3	11
1	8	4
10	3	7
8	1	8
8	1	9
10	3	10
3	10	3
8	1	5
10	3	11
3	10	2
10	3	7
5	12	5
3	10	6
5	12	4
5	12	8
14	7	14
14	7	15
14	7	11
14	7	11
14	7	11
5	12	5
12	5	12
5	12	4
12	5	13
5	12	8
12	5	9
12	5	12
12	5	13
12	5	9
1	8	1
1	8	0
3	10	3
1	8	4
3	10	2
10	3	10
3	10	6
12	5	12
10	3	11
12	5	13
10	3	7
12	5	9
8	1	8
8	1	9
8	1	9
8	1	9
8	1	9
8	1	9
8	1	9
8	1	9
8	1	9
8	1	9
8	1	9
8	1	9
8	1	9
8	1	9
10	3	10
8	1	5
10	3	11
10	3	7
1	8	1
12	5	12
1	8	0
12	5	13
1	8	4
12	5	9
12	5	9
12	5	9
12	5	9
12	5	9
14	7	14
14	7	15
14	7	11
7	14	7
7	14	6
7	14	10
14	7	14
14	7	15
14	7	11
5	12	5
5	12	4
5	12	8
8	1	8
8	1	9
8	1	5
14	7	14
14	7	15
14	7	11
10	3	10
10	3	11
10	3	11
10	3	11
1	8	1
10	3	11
14	7	14
3	10	3
10	3	11
1	8	0
10	3	11
14	7	15
3	10	2
10	3	11
1	8	4
14	7	11
10	3	11
3	10	6
10	3	11
10	3	11
10	3	11
10	3	11
10	3	11
10	3	11
10	3	11
10	3	11
10	3	11
10	3	11
10	3	11
1	8	1
10	3	11
10	3	11
1	8	0
10	3	11
10	3	11
1	8	4
10	3	11
10	3	7
1	8	1
7	14	7
1	8	0
7	14	6
1	8	4
7	14	10
3	10	3
3	10	2
3	10	6
3	10	6
3	10	6
1	8	1
3	10	6
3	10	6
1	8	0
3	10	6
3	10	6
1	8	4
8	1	8
8	1	9
8	1	5
1	8	1
3	10	3
7	14	7
1	8	0
3	10	2
7	14	6
7	14	6
1	8	4
3	10	6
14	7	14
3	10	6
7	14	10
3	10	6
14	7	15
3	10	6
3	10	6
14	7	11
3	10	6
3	10	6
3	10	6
3	10	6
3	10	6
3	10	6
3	10	6
3	10	6
7	14	7
3	10	6
3	10	6
7	14	6
7	14	6
3	10	6
3	10	6
3	10	6
7	14	10
3	10	6
3	10	6
3	10	6
3	10	6
3	10	6
3	10	6
3	10	6
3	10	6
3	10	6
3	10	6
3	10	6
7	14	7
3	10	6
3	10	3
3	10	6
7	14	6
3	10	6
7	14	6
7	14	6
7	14	6
7	14	6
7	14	6
7	14	6
3	10	2
7	14	6
3	10	2
7	14	6
7	14	6
7	14	6
7	14	6
7	14	6
7	14	6
7	14	6
7	14	6
3	10	6
7	14	6
3	10	6
7	14	6
7	14	6
7	14	6
7	14	6
7	14	6
7	14	6
7	14	6
7	14	6
7	14	6
7	14	6
7	14	6
7	14	6
7	14	6
12	5	12
7	14	6
7	14	6
12	5	13
7	14	6
7	14	6
12	5	9
7	14	10
7	14	7
7	14	7
10	3	10
7	14	6
7	14	6
10	3	11
10	3	7
7	14	10
1	8	1
1	8	0
1	8	4
7	14	7
7	14	6
5	12	5
7	14	10
5	12	4
5	12	8
10	3	10
10	3	11
10	3	7
3	10	3
3	10	2
3	10	6
10	3	10
10	3	11
7	14	7
10	3	7
7	14	6
7	14	10
8	1	8
8	1	9
8	1	5
3	10	3
8	1	8
3	10	2
8	1	9
3	10	6
8	1	5
10	3	10
7	14	7
10	3	11
7	14	6
10	3	7
7	14	10
1	8	1
1	8	0
1	8	4
10	3	10
7	14	7
8	1	8
10	3	11
7	14	6
8	1	9
10	3	7
8	1	5
7	14	10
5	12	5
7	14	7
8	1	8
5	12	4
7	14	6
8	1	9
5	12	8
8	1	5
7	14	10
14	7	14
14	7	15
14	7	11
5	12	5
5	12	4
5	12	8
5	12	5
5	12	4
5	12	8
3	10	3
3	10	2
3	10	6
14	7	14
14	7	15
14	7	11
8	1	8
10	3	10
8	1	9
10	3	11
10	3	11
8	1	5
10	3	11
1	8	1
10	3	11
14	7	14
10	3	11
1	8	0
10	3	11
14	7	15
10	3	11
1	8	4
14	7	11
10	3	11
10	3	11
10	3	11
10	3	11
10	3	11
10	3	11
10	3	11
10	3	11
10	3	11
10	3	11
10	3	11
10	3	11
10	3	11
10	3	11
10	3	11
10	3	11
10	3	11
10	3	7
7	14	7
10	3	10
10	3	10
7	14	6
7	14	10
10	3	11
10	3	11
10	3	7
7	14	7
7	14	6
7	14	10
1	8	1
1	8	0
1	8	4
3	10	3
3	10	2
3	10	6
7	14	7
14	7	14
7	14	6
14	7	15
7	14	10
14	7	11
1	8	1
1	8	0
1	8	4
1	8	1
14	7	14
1	8	0
14	7	15
1	8	4
7	14	7
14	7	11
7	14	6
7	14	10
14	7	14
14	7	15
14	7	11
7	14	7
7	14	6
3	10	3
7	14	10
3	10	2
3	10	6
3	10	6
3	10	6
3	10	6
3	10	6
3	10	6
3	10	6
3	10	6
3	10	6
3	10	6
3	10	6
3	10	6
7	14	7
7	14	6
7	14	6
7	14	6
7	14	6
7	14	6
7	14	6
7	14	6
7	14	6
1	8	1
7	14	6
7	14	6
1	8	0
5	12	5
7	14	6
7	14	6
1	8	4
5	12	4
7	14	6
5	12	4
5	12	4
7	14	10
5	12	4
5	12	4
5	12	4
5	12	4
5	12	4
5	12	4
5	12	4
5	12	4
5	12	4
1	8	1
5	12	4
5	12	4
1	8	0
5	12	4
5	12	4
1	8	4
5	12	4
5	12	4
5	12	4
5	12	4
5	12	4
5	12	4
5	12	4
5	12	4
5	12	4
5	12	4
5	12	4
5	12	4
5	12	4
5	12	4
5	12	4
5	12	4
5	12	4
5	12	8
10	3	10
10	3	11
10	3	7
12	5	12
3	10	3
12	5	13
3	10	2
12	5	9
3	10	6
5	12	5
5	12	4
5	12	8
3	10	3
3	10	2
3	10	6
7	14	7
7	14	6
7	14	6
7	14	6
7	14	6
12	5	12
7	14	6
7	14	6
12	5	13
7	14	6
7	14	6
12	5	9
7	14	6
7	14	6
7	14	6
7	14	10
8	1	8
8	1	9
8	1	9
8	1	9
8	1	9
8	1	5
12	5	12
12	5	13
12	5	9
3	10	3
3	10	2
3	10	6
12	5	12
12	5	13
12	5	9
5	12	5
5	12	4
5	12	8
8	1	8
8	1	9
8	1	5
1	8	1
1	8	0
5	12	5
1	8	4
5	12	4
5	12	4
5	12	4
5	12	4
5	12	4
12	5	12
5	12	4
5	12	4
12	5	13
5	12	4
5	12	4
12	5	9
5	12	4
3	10	3
5	12	4
5	12	4
3	10	2
5	12	4
5	12	4
5	12	4
3	10	6
5	12	4
5	12	8
3	10	3
3	10	2
3	10	6
14	7	14
1	8	1
14	7	15
1	8	0
14	7	11
1	8	4
5	12	5
5	12	4
5	12	8
12	5	12
12	5	13
12	5	9
5	12	5
5	12	4
3	10	3
5	12	8
3	10	2
3	10	6
5	12	5
5	12	4
5	12	8
3	10	3
3	10	2
3	10	6
12	5	12
12	5	13
12	5	9
12	5	12
12	5	13
7	14	7
12	5	9
7	14	6
7	14	10
12	5	12
1	8	1
12	5	13
1	8	0
12	5	9
1	8	4
1	8	1
1	8	0
1	8	4
8	1	8
3	10	3
8	1	9
3	10	2
8	1	5
3	10	6
5	12	5
5	12	4
5	12	8
7	14	7
1	8	1
7	14	6
5	12	5
1	8	0
7	14	10
5	12	4
1	8	4
1	8	4
5	12	8
1	8	4
1	8	4
14	7	14
1	8	4
1	8	4
14	7	15
1	8	4
1	8	4
14	7	11
1	8	4
1	8	4
1	8	4
7	14	7
1	8	4
1	8	4
7	14	6
1	8	4
1	8	4
7	14	10
1	8	4
3	10	3
3	10	2
1	8	1
3	10	6
1	8	0
1	8	4
5	12	5
5	12	4
5	12	8
12	5	12
12	5	13
12	5	9
14	7	14
14	7	15
14	7	11
8	1	8
8	1	9
8	1	9
8	1	9
1	8	1
8	1	9
8	1	9
1	8	0
8	1	9
8	1	9
1	8	4
8	1	9
8	1	9
8	1	9
8	1	5
12	5	12
12	5	13
12	5	9
12	5	9
12	5	9
12	5	9
12	5	9
12	5	9
12	5	9
3	10	3
3	10	2
3	10	6
7	14	7
7	14	6
7	14	6
7	14	6
7	14	6
7	14	6
7	14	6
7	14	6
7	14	6
7	14	6
7	14	6
7	14	6
7	14	6
7	14	10
8	1	8
8	1	9
8	1	5
7	14	7
7	14	6
7	14	10
3	10	3
3	10	2
3	10	6
3	10	6
3	10	6
3	10	6
3	10	6
3	10	6
3	10	6
3	10	6
3	10	6
3	10	3
3	10	2
3	10	2
7	14	7
7	14	6
7	14	6
7	14	6
3	10	6
7	14	6
3	10	6
7	14	6
7	14	6
7	14	6
7	14	6
7	14	6
8	1	8
7	14	6
7	14	6
8	1	9
7	14	6
8	1	5
7	14	6
7	14	6
7	14	6
7	14	6
7	14	6
7	14	6
7	14	6
7	14	6
7	14	6
7	14	10
3	10	3
3	10	2
3	10	6
10	3	10
10	3	11
10	3	7
1	8	1
1	8	0
1	8	4
3	10	3
5	12	5
3	10	2
5	12	4
5	12	4
5	12	4
3	10	6
5	12	4
5	12	4
5	12	4
5	12	4
5	12	4
5	12	4
5	12	4
5	12	4
5	12	4
5	12	4
5	12	4
3	10	3
5	12	8
3	10	2
3	10	6
5	12	5
5	12	4
5	12	8
10	3	10
1	8	1
10	3	11
1	8	0
10	3	7
1	8	4
1	8	1
1	8	0
1	8	4
5	12	5
5	12	4
12	5	12
5	12	4
5	12	4
12	5	13
5	12	4
5	12	4
12	5	9
5	12	4
5	12	4
5	12	8
10	3	10
10	3	11
10	3	7
8	1	8
8	1	9
8	1	5
5	12	5
5	12	4
5	12	8
1	8	1
1	8	0
1	8	4
12	5	12
12	5	13
12	5	9
12	5	12
1	8	1
12	5	13
8	1	8
1	8	0
12	5	9
8	1	9
10	3	10
1	8	4
8	1	9
8	1	9
10	3	11
8	1	9
10	3	7
8	1	9
8	1	9
8	1	9
8	1	9
8	1	9
8	1	9
8	1	9
8	1	9
8	1	9
8	1	9
8	1	9
8	1	9
8	1	5
8	1	8
8	1	9
8	1	9
8	1	5
7	14	7
7	14	6
7	14	10
3	10	3
3	10	2
3	10	6
5	12	5
5	12	4
5	12	8
14	7	14
14	7	15
14	7	11
12	5	12
12	5	13
12	5	9
12	5	12
12	5	13
14	7	14
12	5	9
14	7	15
14	7	11
12	5	12
12	5	13
12	5	9
5	12	5
5	12	4
5	12	8
14	7	14
14	7	15
14	7	11
12	5	12
1	8	1
12	5	13
1	8	0
12	5	9
1	8	4
7	14	7
7	14	6
7	14	10
10	3	10
10	3	11
10	3	7
12	5	12
12	5	13
12	5	9
1	8	1
10	3	10
1	8	0
10	3	11
1	8	4
10	3	7
8	1	8
8	1	9
8	1	5
10	3	10
10	3	11
10	3	7
3	10	3
3	10	2
3	10	6
8	1	8
8	1	9
12	5	12
8	1	5
12	5	13
12	5	9
12	5	9
12	5	9
12	5	9
12	5	9
12	5	9
3	10	3
12	5	9
7	14	7
12	5	9
3	10	2
12	5	9
7	14	6
12	5	9
3	10	6
12	5	9
3	10	6
12	5	9
7	14	10
3	10	6
3	10	6
3	10	6
3	10	6
3	10	6
3	10	6
3	10	6
3	10	6
3	10	6
3	10	6
3	10	6
3	10	6
7	14	7
3	10	6
3	10	6
7	14	6
7	14	6
7	14	6
7	14	6
7	14	6
7	14	6
7	14	6
7	14	6
7	14	6
7	14	6
7	14	6
7	14	6
7	14	6
7	14	6
7	14	6
7	14	6
7	14	6
7	14	10
7	14	7
7	14	7
3	10	3
3	10	2
7	14	6
3	10	6
3	10	6
7	14	6
7	14	6
7	14	6
7	14	6
7	14	6
14	7	14
7	14	6
7	14	6
14	7	15
7	14	6
7	14	6
14	7	11
7	14	6
7	14	6
7	14	6
7	14	6
7	14	6
7	14	6
7	14	6
7	14	6
7	14	10
8	1	8
8	1	9
8	1	5
8	1	8
8	1	9
8	1	5
8	1	8
14	7	14
8	1	9
14	7	15
8	1	5
14	7	11
7	14	7
7	14	6
7	14	10
5	12	5
5	12	4
5	12	8
14	7	14
14	7	15
14	7	11
12	5	12
12	5	13
12	5	9
5	12	5
5	12	4
5	12	8
12	5	12
12	5	13
12	5	9
5	12	5
5	12	4
5	12	8
5	12	5
3	10	3
5	12	4
3	10	2
5	12	8
3	10	6
8	1	8
8	1	9
8	1	5
5	12	5
5	12	4
5	12	8
5	12	5
5	12	4
5	12	8
1	8	1
1	8	0
1	8	4
1	8	4
1	8	4
1	8	4
1	8	4
10	3	10
10	3	11
10	3	7
1	8	1
1	8	0
1	8	4
10	3	10
12	5	12
10	3	11
12	5	13
10	3	7
12	5	9
5	12	5
5	12	4
5	12	8
14	7	14
14	7	15
14	7	11
14	7	14
14	7	15
14	7	11
10	3	10
10	3	11
10	3	11
1	8	1
10	3	11
14	7	14
10	3	11
1	8	0
10	3	11
14	7	15
10	3	11
1	8	4
14	7	11
10	3	11
10	3	11
3	10	3
10	3	11
12	5	12
10	3	11
3	10	2
10	3	11
12	5	13
10	3	11
3	10	6
12	5	9
10	3	11
10	3	11
10	3	11
5	12	5
10	3	11
10	3	11
5	12	4
10	3	11
5	12	4
10	3	11
5	12	4
10	3	11
5	12	4
10	3	11
5	12	4
10	3	11
5	12	4
10	3	11
10	3	7
5	12	8
3	10	3
10	3	10
10	3	10
3	10	2
5	12	5
3	10	6
5	12	4
10	3	11
5	12	4
10	3	11
10	3	7
5	12	8
10	3	10
10	3	10
14	7	14
14	7	15
14	7	11
14	7	11
14	7	11
14	7	11
14	7	11
10	3	11
14	7	11
10	3	11
10	3	11
10	3	11
10	3	11
8	1	8
10	3	11
10	3	11
8	1	9
10	3	11
10	3	11
8	1	5
10	3	11
10	3	11
10	3	11
10	3	11
10	3	11
10	3	11
10	3	11
10	3	11
10	3	11
10	3	7
8	1	8
8	1	9
8	1	5
3	10	3
3	10	2
3	10	6
7	14	7
7	14	6
7	14	6
7	14	6
8	1	8
7	14	6
7	14	6
8	1	9
7	14	6
8	1	5
7	14	6
7	14	6
7	14	6
12	5	12
7	14	6
7	14	6
12	5	13
7	14	6
7	14	6
12	5	9
12	5	9
12	5	9
7	14	10
12	5	9
12	5	9
12	5	9
12	5	9
12	5	9
12	5	9
1	8	1
1	8	0
1	8	4
1	8	1
1	8	0
1	8	4
14	7	14
14	7	15
14	7	11
12	5	12
12	5	13
12	5	9
5	12	5
5	12	4
5	12	8
10	3	10
10	3	11
10	3	7
8	1	8
8	1	9
8	1	5
12	5	12
12	5	13
12	5	9
12	5	9
12	5	9
12	5	9
12	5	9
12	5	9
12	5	9
12	5	9
10	3	10
10	3	11
10	3	7
1	8	1
1	8	0
1	8	4
5	12	5
5	12	4
5	12	4
5	12	4
5	12	4
5	12	4
5	12	4
5	12	4
5	12	4
5	12	4
5	12	4
5	12	4
5	12	8
14	7	14
14	7	15
5	12	5
14	7	11
5	12	5
5	12	4
5	12	4
5	12	8
14	7	14
14	7	15
14	7	11
14	7	14
14	7	15
14	7	11
1	8	1
1	8	0
1	8	4
7	14	7
7	14	6
7	14	10
10	3	10
10	3	11
10	3	7
12	5	12
12	5	13
12	5	9
10	3	10
10	3	11
10	3	7
8	1	8
8	1	9
12	5	12
8	1	5
12	5	13
12	5	9
12	5	9
12	5	9
12	5	9
12	5	9
12	5	9
12	5	9
12	5	9
12	5	9
12	5	9
12	5	9
12	5	9
12	5	9
7	14	7
7	14	6
7	14	10
12	5	12
12	5	13
12	5	9
12	5	9
1	8	1
1	8	0
1	8	4
10	3	10
10	3	11
12	5	12
10	3	7
12	5	13
12	5	9
12	5	9
7	14	7
8	1	8
10	3	10
7	14	6
8	1	9
10	3	11
8	1	9
7	14	10
10	3	7
8	1	9
8	1	9
8	1	9
8	1	9
8	1	5
14	7	14
14	7	15
14	7	11
5	12	5
5	12	4
12	5	12
5	12	8
12	5	13
12	5	9
8	1	8
8	1	9
8	1	5
14	7	14
14	7	15
14	7	11
14	7	14
8	1	8
14	7	15
8	1	9
14	7	11
8	1	5
12	5	12
12	5	13
12	5	9
12	5	12
12	5	13
12	5	9
10	3	10
10	3	11
10	3	7
10	3	10
10	3	11
10	3	7
5	12	5
5	12	4
5	12	8
14	7	14
14	7	15
14	7	11
14	7	11
1	8	1
1	8	0
1	8	4
12	5	12
8	1	8
12	5	13
8	1	9
12	5	9
8	1	5
12	5	9
12	5	9
12	5	9
1	8	1
12	5	9
12	5	9
1	8	0
12	5	9
12	5	9
1	8	4
12	5	9
12	5	9
12	5	9
12	5	9
12	5	9
12	5	9
12	5	9
12	5	9
10	3	10
10	3	11
10	3	7
8	1	8
8	1	9
8	1	5
12	5	12
12	5	13
12	5	9
14	7	14
14	7	15
14	7	11
7	14	7
7	14	6
7	14	10
8	1	8
8	1	9
8	1	5
1	8	1
1	8	0
1	8	4
8	1	8
14	7	14
8	1	9
14	7	15
8	1	5
14	7	11
14	7	14
5	12	5
14	7	15
5	12	4
14	7	11
5	12	8
7	14	7
7	14	6
7	14	10
7	14	7
1	8	1
7	14	6
1	8	0
7	14	10
3	10	3
1	8	4
3	10	2
3	10	6
3	10	6
3	10	6
3	10	6
3	10	6
3	10	6
3	10	6
3	10	6
3	10	6
3	10	6
1	8	1
1	8	0
1	8	4
8	1	8
8	1	9
8	1	5
7	14	7
7	14	6
7	14	10
1	8	1
1	8	0
1	8	4
10	3	10
5	12	5
10	3	11
5	12	4
5	12	4
10	3	7
5	12	4
5	12	4
5	12	4
5	12	4
5	12	4
12	5	12
5	12	4
5	12	4
12	5	13
5	12	4
5	12	4
12	5	9
5	12	4
5	12	4
7	14	7
5	12	8
7	14	6
7	14	10
10	3	10
10	3	11
10	3	7
8	1	8
5	12	5
8	1	9
5	12	4
8	1	5
5	12	8
10	3	10
10	3	11
10	3	7
1	8	1
1	8	0
1	8	4
8	1	8
8	1	9
8	1	5
8	1	8
8	1	9
8	1	5
14	7	14
14	7	15
14	7	11
7	14	7
7	14	6
14	7	14
7	14	10
14	7	15
14	7	11
7	14	7
1	8	1
7	14	6
1	8	0
7	14	10
1	8	4
8	1	8
8	1	9
7	14	7
8	1	5
7	14	6
7	14	10
5	12	5
3	10	3
5	12	4
3	10	2
5	12	8
3	10	6
12	5	12
12	5	13
10	3	10
12	5	9
10	3	11
1	8	1
10	3	7
1	8	0
1	8	4
3	10	3
3	10	2
3	10	6
1	8	1
1	8	0
1	8	4
8	1	8
8	1	9
8	1	5
8	1	8
8	1	9
8	1	5
12	5	12
12	5	13
12	5	9
1	8	1
1	8	0
1	8	4
12	5	12
12	5	13
12	5	9
8	1	8
8	1	9
8	1	9
8	1	9
8	1	9
8	1	9
8	1	9
8	1	9
8	1	9
8	1	9
12	5	12
8	1	9
3	10	3
8	1	9
12	5	13
8	1	9
3	10	2
12	5	9
8	1	9
8	1	9
3	10	6
8	1	9
8	1	9
8	1	9
8	1	9
8	1	9
8	1	9
10	3	10
8	1	9
8	1	9
10	3	11
8	1	9
10	3	7
8	1	9
8	1	9
12	5	12
8	1	9
3	10	3
8	1	9
12	5	13
8	1	9
3	10	2
12	5	9
8	1	9
8	1	9
3	10	6
8	1	9
8	1	9
8	1	9
8	1	9
8	1	9
8	1	9
8	1	9
14	7	14
8	1	9
8	1	9
14	7	15
8	1	9
8	1	9
14	7	11
12	5	12
8	1	9
8	1	9
12	5	13
5	12	5
8	1	9
12	5	9
8	1	9
5	12	4
8	1	9
8	1	9
5	12	8
8	1	9
8	1	9
8	1	9
8	1	9
8	1	9
8	1	9
8	1	9
8	1	9
8	1	9
8	1	9
8	1	9
8	1	9
8	1	9
8	1	9
8	1	5
14	7	14
14	7	15
14	7	11
14	7	14
14	7	15
14	7	11
1	8	1
1	8	0
1	8	4
7	14	7
7	14	6
7	14	10
1	8	1
1	8	0
1	8	4
12	5	12
12	5	13
12	5	9
5	12	5
5	12	4
5	12	8
10	3	10
10	3	11
10	3	7
12	5	12
5	12	5
12	5	13
5	12	4
7	14	7
12	5	9
5	12	8
7	14	6
7	14	10
1	8	1
1	8	0
12	5	12
1	8	4
12	5	13
12	5	9
1	8	1
1	8	0
1	8	4
14	7	14
1	8	1
14	7	15
1	8	0
14	7	11
1	8	4
10	3	10
10	3	11
10	3	11
10	3	11
10	3	11
10	3	11
10	3	11
10	3	11
8	1	8
10	3	11
10	3	11
8	1	9
10	3	11
10	3	11
8	1	5
10	3	11
10	3	7
3	10	3
3	10	2
14	7	14
3	10	6
14	7	15
14	7	11
12	5	12
12	5	13
12	5	9
1	8	1
1	8	0
12	5	12
1	8	4
12	5	13
12	5	9
3	10	3
3	10	2
3	10	6
1	8	1
1	8	0
12	5	12
1	8	4
12	5	13
12	5	9
1	8	1
1	8	0
1	8	4
8	1	8
8	1	9
5	12	5
8	1	5
5	12	4
5	12	4
5	12	4
5	12	4
5	12	4
5	12	4
12	5	12
5	12	4
7	14	7
12	5	13
7	14	6
5	12	8
12	5	9
12	5	9
7	14	10
12	5	9
12	5	9
12	5	9
3	10	3
3	10	2
3	10	6
3	10	6
3	10	6
3	10	6
3	10	6
10	3	10
3	10	6
10	3	11
10	3	7
10	3	10
10	3	11
10	3	7
8	1	8
8	1	9
8	1	5
12	5	12
12	5	13
12	5	9
14	7	14
14	7	15
14	7	11
12	5	12
12	5	13
12	5	9
1	8	1
1	8	0
1	8	4
5	12	5
5	12	4
5	12	4
5	12	4
5	12	4
5	12	4
5	12	4
5	12	4
5	12	4
5	12	4
5	12	4
1	8	1
5	12	4
5	12	4
1	8	0
5	12	4
1	8	4
5	12	8
1	8	4
1	8	4
1	8	4
7	14	7
14	7	14
1	8	4
1	8	4
7	14	6
14	7	15
1	8	4
1	8	4
7	14	10
14	7	11
1	8	4
1	8	4
1	8	4
1	8	4
1	8	4
1	8	4
1	8	4
7	14	7
7	14	6
7	14	10
3	10	3
3	10	2
3	10	6
3	10	6
3	10	6
3	10	6
3	10	6
3	10	6
3	10	6
3	10	6
3	10	6
3	10	6
10	3	10
10	3	11
10	3	7
1	8	1
1	8	0
1	8	4
10	3	10
10	3	11
10	3	7
14	7	14
14	7	15
3	10	3
14	7	11
10	3	10
14	7	11
3	10	2
14	7	11
14	7	11
10	3	11
3	10	6
10	3	11
10	3	11
10	3	11
10	3	11
10	3	11
10	3	11
10	3	11
10	3	11
10	3	11
10	3	11
10	3	11
10	3	11
10	3	11
10	3	11
10	3	11
10	3	11
10	3	7
3	10	3
3	10	2
3	10	6
7	14	7
7	14	6
7	14	6
7	14	6
3	10	3
7	14	6
7	14	6
3	10	2
7	14	6
7	14	6
7	14	6
3	10	6
3	10	6
14	7	14
3	10	6
7	14	10
3	10	6
14	7	15
3	10	6
3	10	6
14	7	11
3	10	6
3	10	6
3	10	6
3	10	6
3	10	6
3	10	6
3	10	6
3	10	6
3	10	6
3	10	6
3	10	6
5	12	5
14	7	14
5	12	4
14	7	15
5	12	8
14	7	11
5	12	5
5	12	4
5	12	8
5	12	5
5	12	4
5	12	8
5	12	5
5	12	4
5	12	8
12	5	12
12	5	13
12	5	9
7	14	7
7	14	6
7	14	10
10	3	10
10	3	11
10	3	7
8	1	8
8	1	9
8	1	5
1	8	1
1	8	0
1	8	4
14	7	14
14	7	15
14	7	11
7	14	7
7	14	6
7	14	10
10	3	10
10	3	11
10	3	11
10	3	11
10	3	7
7	14	7
7	14	6
7	14	10
1	8	1
1	8	0
10	3	10
1	8	4
10	3	11
10	3	11
10	3	7
1	8	1
1	8	0
1	8	4
7	14	7
7	14	6
7	14	10
12	5	12
12	5	13
12	5	9
8	1	8
8	1	9
8	1	9
8	1	9
8	1	9
8	1	9
8	1	9
8	1	9
8	1	9
8	1	9
8	1	9
8	1	9
1	8	1
5	12	5
8	1	9
8	1	9
1	8	0
5	12	4
8	1	5
1	8	4
5	12	8
1	8	4
1	8	4
1	8	4
8	1	8
1	8	4
8	1	8
1	8	4
1	8	4
1	8	4
1	8	4
1	8	4
1	8	4
1	8	4
1	8	4
8	1	9
14	7	14
1	8	4
5	12	5
8	1	9
1	8	4
14	7	15
5	12	4
8	1	5
5	12	4
14	7	11
5	12	4
5	12	4
5	12	4
5	12	4
5	12	4
5	12	4
5	12	4
7	14	7
5	12	4
10	3	10
5	12	4
7	14	6
5	12	4
10	3	11
5	12	4
7	14	10
10	3	11
5	12	4
10	3	11
14	7	14
5	12	4
10	3	11
5	12	4
10	3	11
14	7	15
10	3	11
5	12	8
14	7	11
10	3	11
10	3	11
10	3	11
10	3	11
10	3	11
10	3	11
10	3	11
7	14	7
10	3	11
10	3	11
7	14	6
10	3	11
10	3	11
7	14	10
10	3	11
10	3	11
10	3	11
10	3	11
10	3	11
10	3	11
5	12	5
10	3	7
5	12	4
5	12	8
5	12	5
5	12	4
5	12	8
8	1	8
8	1	9
12	5	12
8	1	5
12	5	13
14	7	14
12	5	9
14	7	15
12	5	9
12	5	9
14	7	11
12	5	9
12	5	9
12	5	9
12	5	9
12	5	9
12	5	9
12	5	9
12	5	9
12	5	9
12	5	9
14	7	14
14	7	15
14	7	11
3	10	3
3	10	2
3	10	6
1	8	1
1	8	0
1	8	4
8	1	8
8	1	9
8	1	5
12	5	12
12	5	13
12	5	9
14	7	14
14	7	15
14	7	11
7	14	7
7	14	6
7	14	10
7	14	7
7	14	6
7	14	10
10	3	10
10	3	11
10	3	7
7	14	7
7	14	6
7	14	10
8	1	8
12	5	12
8	1	9
12	5	13
8	1	5
12	5	9
12	5	9
12	5	9
12	5	9
12	5	9
12	5	9
12	5	9
12	5	9
12	5	9
12	5	9
12	5	9
12	5	9
12	5	9
12	5	9
3	10	3
3	10	2
3	10	6
8	1	8
8	1	9
8	1	5
3	10	3
10	3	10
3	10	2
10	3	11
3	10	6
10	3	7
5	12	5
5	12	4
5	12	8
10	3	10
10	3	11
10	3	7
1	8	1
1	8	0
1	8	4
12	5	12
12	5	13
12	5	9
3	10	3
3	10	2
3	10	6
8	1	8
8	1	9
8	1	5
10	3	10
10	3	11
3	10	3
10	3	7
3	10	2
5	12	5
14	7	14
5	12	4
3	10	6
14	7	15
5	12	8
14	7	11
14	7	11
14	7	11
14	7	11
14	7	11
14	7	11
14	7	11
14	7	11
14	7	11
14	7	11
5	12	5
5	12	4
5	12	8
14	7	14
14	7	15
14	7	11
10	3	10
10	3	11
7	14	7
10	3	7
7	14	6
7	14	10
1	8	1
1	8	0
1	8	4
10	3	10
14	7	14
10	3	11
14	7	15
10	3	7
14	7	11
14	7	11
14	7	11
14	7	11
14	7	11
14	7	11
14	7	11
14	7	11
14	7	11
14	7	11
14	7	11
14	7	11
14	7	11
14	7	11
12	5	12
12	5	13
12	5	9
12	5	12
12	5	13
12	5	9
7	14	7
7	14	6
7	14	10
8	1	8
8	1	9
7	14	7
8	1	5
7	14	6
7	14	10
10	3	10
10	3	11
3	10	3
10	3	7
3	10	2
1	8	1
3	10	6
3	10	6
1	8	0
3	10	6
1	8	4
10	3	10
8	1	8
10	3	11
1	8	1
8	1	9
10	3	7
1	8	0
8	1	5
1	8	4
8	1	8
8	1	9
8	1	5
7	14	7
7	14	6
7	14	10
12	5	12
12	5	13
12	5	9
3	10	3
3	10	2
12	5	12
3	10	6
12	5	13
12	5	9
5	12	5
5	12	4
5	12	8
3	10	3
3	10	2
3	10	6
5	12	5
5	12	4
5	12	8
5	12	5
5	12	4
5	12	8
10	3	10
10	3	11
5	12	5
10	3	7
5	12	4
5	12	8
7	14	7
7	14	6
7	14	10
7	14	7
7	14	6
7	14	10
12	5	12
5	12	5
12	5	13
5	12	4
12	5	9
14	7	14
8	1	8
5	12	8
14	7	15
8	1	9
8	1	9
14	7	11
8	1	9
8	1	9
8	1	9
8	1	9
8	1	9
8	1	9
8	1	9
8	1	9
8	1	9
8	1	9
8	1	9
8	1	5
8	1	8
8	1	8
8	1	9
8	1	9
8	1	5
8	1	8
8	1	8
8	1	9
8	1	9
8	1	5
12	5	12
12	5	13
12	5	9
12	5	9
5	12	5
1	8	1
5	12	4
1	8	0
5	12	8
1	8	4
1	8	4
1	8	4
3	10	3
1	8	4
1	8	4
3	10	2
1	8	4
1	8	4
10	3	10
1	8	4
3	10	6
1	8	4
10	3	11
1	8	4
1	8	4
10	3	7
1	8	4
1	8	4
1	8	4
10	3	10
10	3	11
10	3	7
5	12	5
1	8	1
5	12	4
1	8	0
5	12	8
1	8	4
1	8	4
1	8	4
1	8	4
1	8	4
1	8	4
1	8	4
1	8	4
1	8	4
1	8	4
1	8	4
1	8	4
1	8	1
1	8	4
1	8	4
10	3	10
10	3	11
10	3	7
1	8	0
1	8	0
1	8	4
1	8	4
5	12	5
5	12	4
5	12	8
14	7	14
3	10	3
14	7	15
3	10	2
1	8	1
10	3	10
14	7	11
3	10	6
1	8	0
10	3	11
10	3	11
1	8	4
10	3	11
10	3	11
10	3	11
10	3	11
10	3	11
10	3	11
10	3	11
10	3	11
10	3	11
10	3	11
10	3	11
10	3	11
10	3	11
10	3	7
1	8	1
1	8	0
1	8	4
12	5	12
12	5	13
12	5	9
3	10	3
3	10	2
3	10	6
3	10	3
3	10	2
3	10	6
7	14	7
7	14	6
7	14	6
7	14	6
7	14	6
7	14	6
7	14	6
1	8	1
7	14	6
7	14	6
1	8	0
7	14	6
7	14	6
1	8	4
7	14	6
7	14	6
3	10	3
7	14	10
3	10	2
3	10	6
3	10	6
7	14	7
3	10	6
7	14	7
3	10	6
3	10	6
3	10	6
1	8	1
3	10	6
3	10	6
1	8	0
3	10	6
3	10	6
1	8	4
3	10	6
7	14	6
3	10	6
7	14	6
7	14	6
7	14	6
7	14	6
7	14	6
7	14	6
7	14	6
7	14	6
7	14	6
3	10	3
7	14	6
7	14	6
3	10	2
7	14	6
12	5	12
7	14	6
7	14	6
12	5	13
7	14	6
3	10	6
7	14	6
12	5	9
7	14	6
3	10	6
3	10	6
3	10	6
7	14	10
3	10	6
3	10	6
3	10	6
3	10	6
8	1	8
3	10	6
3	10	6
8	1	9
3	10	6
8	1	9
3	10	6
8	1	9
3	10	6
8	1	9
12	5	12
3	10	6
8	1	9
3	10	6
8	1	9
12	5	13
3	10	6
8	1	9
3	10	6
12	5	9
8	1	9
3	10	6
8	1	9
8	1	9
8	1	9
10	3	10
8	1	9
8	1	9
10	3	11
8	1	9
10	3	7
8	1	9
8	1	9
8	1	9
8	1	9
8	1	9
8	1	9
8	1	9
8	1	9
8	1	9
8	1	9
8	1	5
8	1	8
8	1	9
8	1	9
8	1	5
7	14	7
10	3	10
7	14	6
10	3	11
7	14	10
10	3	7
3	10	3
3	10	2
3	10	6
10	3	10
3	10	6
10	3	11
10	3	7
14	7	14
14	7	15
14	7	11
14	7	11
14	7	11
14	7	11
14	7	11
14	7	11
14	7	11
14	7	11
14	7	11
14	7	11
14	7	11
5	12	5
5	12	4
3	10	3
5	12	8
3	10	2
3	10	6
12	5	12
12	5	13
12	5	9
8	1	8
8	1	9
8	1	5
1	8	1
1	8	0
1	8	4
1	8	1
1	8	0
1	8	4
12	5	12
12	5	13
12	5	9
8	1	8
8	1	9
8	1	9
8	1	9
8	1	9
8	1	9
8	1	9
8	1	9
8	1	9
10	3	10
8	1	9
10	3	11
8	1	5
10	3	7
8	1	8
1	8	1
8	1	8
1	8	0
1	8	4
8	1	9
8	1	9
8	1	5
5	12	5
5	12	4
5	12	8
12	5	12
12	5	13
12	5	9
1	8	1
1	8	0
1	8	4
3	10	3
3	10	2
3	10	6
8	1	8
8	1	9
10	3	10
8	1	5
10	3	11
10	3	7
14	7	14
14	7	15
3	10	3
14	7	11
3	10	2
14	7	11
14	7	11
3	10	6
14	7	11
14	7	11
14	7	11
8	1	8
14	7	11
7	14	7
14	7	11
8	1	9
14	7	11
7	14	6
14	7	11
8	1	5
7	14	6
14	7	11
7	14	6
7	14	6
7	14	6
7	14	6
7	14	6
7	14	6
7	14	6
7	14	6
7	14	6
7	14	10
8	1	8
8	1	9
8	1	5
5	12	5
12	5	12
5	12	4
12	5	13
5	12	8
12	5	9
12	5	12
12	5	13
12	5	9
14	7	14
14	7	15
14	7	11
7	14	7
7	14	6
7	14	10
5	12	5
5	12	4
5	12	8
8	1	8
8	1	9
8	1	5
8	1	8
8	1	9
8	1	5
8	1	8
8	1	9
8	1	5
10	3	10
7	14	7
10	3	11
7	14	6
10	3	7
7	14	10
10	3	10
10	3	11
10	3	7
3	10	3
3	10	2
3	10	6
10	3	10
10	3	11
10	3	7
10	3	10
10	3	11
10	3	7
14	7	14
14	7	15
7	14	7
14	7	11
7	14	6
7	14	10
14	7	14
14	7	15
14	7	11
8	1	8
8	1	9
7	14	7
8	1	5
7	14	6
7	14	10
14	7	14
14	7	15
14	7	11
3	10	3
3	10	2
3	10	6
1	8	1
1	8	0
1	8	4
14	7	14
14	7	15
14	7	11
7	14	7
5	12	5
7	14	6
5	12	4
5	12	4
7	14	10
5	12	4
5	12	4
5	12	8
3	10	3
3	10	2
14	7	14
10	3	10
3	10	6
14	7	15
3	10	6
10	3	11
3	10	6
14	7	11
10	3	11
3	10	6
10	3	11
3	10	6
10	3	11
3	10	6
10	3	11
10	3	11
10	3	11
10	3	11
10	3	11
10	3	11
10	3	11
10	3	11
10	3	11
10	3	11
10	3	11
10	3	11
10	3	11
10	3	11
10	3	7
10	3	10
10	3	10
12	5	12
12	5	13
5	12	5
12	5	9
5	12	4
10	3	11
5	12	8
10	3	11
10	3	7
10	3	10
10	3	11
10	3	7
1	8	1
1	8	0
1	8	4
14	7	14
14	7	15
14	7	11
5	12	5
5	12	4
5	12	8
3	10	3
3	10	2
3	10	6
3	10	3
3	10	2
3	10	6
5	12	5
5	12	4
12	5	12
5	12	8
12	5	13
12	5	9
8	1	8
8	1	9
8	1	9
5	12	5
8	1	9
8	1	9
5	12	4
8	1	5
5	12	8
3	10	3
3	10	2
3	10	6
12	5	12
12	5	13
12	5	9
1	8	1
1	8	0
1	8	4
3	10	3
3	10	2
3	10	6
10	3	10
10	3	11
10	3	7
5	12	5
5	12	4
5	12	8
7	14	7
7	14	6
7	14	10
1	8	1
5	12	5
1	8	0
5	12	4
1	8	4
5	12	8
1	8	4
1	8	4
1	8	4
1	8	4
1	8	4
1	8	4
1	8	4
1	8	4
1	8	4
1	8	4
1	8	4
1	8	4
1	8	4
1	8	4
7	14	7
8	1	8
7	14	6
8	1	9
8	1	5
7	14	10
3	10	3
3	10	2
3	10	6
5	12	5
5	12	4
5	12	8
5	12	5
5	12	4
7	14	7
5	12	8
7	14	6
7	14	10
12	5	12
12	5	13
1	8	1
12	5	9
1	8	0
14	7	14
1	8	4
14	7	15
14	7	11
12	5	12
12	5	13
12	5	9
1	8	1
1	8	0
1	8	4
5	12	5
5	12	4
5	12	4
5	12	4
5	12	4
10	3	10
5	12	4
5	12	4
10	3	11
5	12	4
12	5	12
5	12	4
10	3	7
5	12	4
12	5	13
5	12	4
5	12	4
12	5	9
5	12	8
5	12	5
5	12	4
5	12	8
1	8	1
5	12	5
1	8	0
5	12	4
1	8	4
1	8	4
5	12	8
1	8	4
1	8	4
1	8	4
1	8	4
1	8	4
1	8	4
1	8	4
1	8	4
10	3	10
1	8	4
1	8	4
10	3	11
1	8	1
1	8	4
1	8	4
10	3	7
1	8	4
1	8	4
1	8	0
1	8	0
14	7	14
1	8	1
14	7	15
1	8	1
1	8	4
14	7	11
1	8	4
10	3	10
10	3	11
10	3	11
1	8	0
10	3	11
1	8	0
10	3	11
10	3	11
10	3	11
10	3	11
10	3	11
10	3	11
10	3	11
1	8	1
10	3	11
1	8	4
10	3	11
1	8	4
10	3	7
1	8	0
1	8	0
1	8	4
1	8	4
8	1	8
8	1	9
8	1	5
8	1	8
8	1	9
8	1	5
3	10	3
3	10	2
8	1	8
3	10	6
8	1	9
8	1	5
10	3	10
10	3	11
5	12	5
10	3	7
5	12	4
14	7	14
5	12	8
14	7	15
14	7	11
14	7	11
14	7	11
14	7	11
14	7	11
14	7	11
14	7	11
14	7	11
14	7	11
5	12	5
5	12	4
10	3	10
5	12	8
10	3	11
10	3	7
10	3	10
10	3	11
10	3	7
8	1	8
8	1	9
8	1	5
5	12	5
5	12	4
5	12	8
8	1	8
7	14	7
8	1	9
10	3	10
7	14	6
8	1	5
10	3	11
7	14	10
10	3	7
14	7	14
14	7	15
14	7	11
3	10	3
3	10	2
3	10	6
14	7	14
14	7	15
14	7	11
14	7	14
3	10	3
14	7	15
3	10	2
14	7	11
3	10	6
8	1	8
8	1	9
8	1	5
5	12	5
5	12	4
7	14	7
12	5	12
7	14	6
5	12	8
12	5	13
12	5	9
7	14	10
14	7	14
14	7	15
14	7	11
7	14	7
12	5	12
7	14	6
12	5	13
1	8	1
12	5	9
7	14	10
1	8	0
1	8	4
12	5	12
5	12	5
12	5	13
5	12	4
5	12	4
12	5	9
5	12	4
5	12	4
5	12	4
5	12	8
8	1	8
8	1	9
8	1	9
8	1	9
8	1	9
12	5	12
8	1	9
8	1	9
12	5	13
8	1	9
8	1	9
12	5	9
12	5	9
8	1	5
12	5	9
12	5	9
12	5	9
12	5	9
12	5	9
12	5	9
12	5	9
12	5	9
12	5	9
12	5	9
12	5	9
12	5	12
12	5	9
12	5	9
12	5	9
12	5	9
1	8	1
1	8	0
12	5	13
1	8	4
12	5	13
14	7	14
12	5	9
12	5	9
14	7	15
14	7	11
1	8	1
1	8	0
1	8	4
8	1	8
8	1	9
8	1	5
3	10	3
3	10	2
3	10	6
8	1	8
8	1	9
8	1	5
8	1	8
8	1	9
8	1	5
8	1	8
8	1	9
8	1	5
1	8	1
1	8	0
1	8	4
8	1	8
8	1	9
8	1	5
12	5	12
12	5	13
12	5	9
1	8	1
1	8	0
1	8	4
10	3	10
10	3	11
10	3	7
1	8	1
1	8	0
1	8	4
3	10	3
3	10	2
3	10	6
14	7	14
14	7	15
14	7	11
12	5	12
12	5	13
12	5	9
14	7	14
14	7	15
14	7	11
10	3	10
10	3	11
10	3	7
14	7	14
14	7	15
14	7	11
14	7	11
14	7	11
14	7	11
14	7	11
14	7	11
14	7	11
14	7	11
10	3	10
14	7	11
14	7	11
14	7	11
10	3	11
10	3	11
10	3	11
14	7	14
10	3	11
10	3	11
10	3	11
10	3	11
14	7	15
10	3	11
14	7	15
10	3	11
10	3	11
10	3	11
10	3	11
10	3	11
10	3	11
10	3	11
14	7	11
10	3	11
14	7	11
10	3	11
10	3	11
10	3	11
10	3	11
10	3	11
10	3	11
12	5	12
10	3	11
10	3	11
12	5	13
10	3	11
12	5	9
10	3	11
10	3	11
10	3	11
10	3	11
1	8	1
10	3	11
10	3	11
1	8	0
10	3	11
10	3	11
1	8	4
10	3	7
10	3	10
10	3	10
10	3	11
10	3	11
10	3	7
3	10	3
3	10	2
3	10	6
7	14	7
7	14	6
7	14	6
7	14	6
7	14	6
7	14	6
7	14	6
7	14	6
7	14	6
7	14	6
7	14	6
7	14	6
7	14	6
7	14	6
7	14	6
7	14	10
3	10	3
3	10	2
3	10	6
3	10	6
3	10	6
3	10	6
3	10	6
1	8	1
1	8	0
1	8	4
12	5	12
5	12	5
12	5	13
14	7	14
5	12	4
5	12	4
12	5	9
14	7	15
3	10	3
5	12	8
14	7	11
3	10	2
3	10	6
1	8	1
1	8	0
1	8	4
1	8	4
1	8	4
1	8	4
1	8	4
1	8	4
5	12	5
5	12	4
5	12	4
5	12	4
5	12	4
5	12	4
5	12	4
5	12	4
5	12	4
5	12	4
5	12	4
5	12	4
5	12	4
3	10	3
5	12	4
3	10	2
5	12	8
3	10	6
1	8	1
1	8	0
1	8	4
1	8	4
1	8	4
1	8	4
12	5	12
1	8	4
1	8	4
12	5	13
1	8	4
3	10	3
12	5	9
3	10	2
3	10	6
1	8	1
1	8	0
1	8	4
1	8	4
1	8	1
1	8	0
1	8	4
1	8	4
12	5	12
12	5	13
14	7	14
12	5	9
14	7	15
14	7	11
10	3	10
10	3	11
10	3	11
10	3	11
10	3	11
10	3	11
10	3	11
10	3	11
10	3	11
10	3	11
3	10	3
10	3	11
10	3	11
3	10	2
10	3	11
10	3	11
3	10	6
10	3	7
12	5	12
12	5	13
12	5	9
1	8	1
1	8	0
1	8	4
10	3	10
10	3	11
10	3	7
5	12	5
5	12	4
10	3	10
5	12	8
10	3	11
10	3	7
14	7	14
12	5	12
14	7	15
12	5	13
10	3	10
14	7	11
12	5	9
14	7	11
14	7	11
10	3	11
10	3	11
10	3	11
10	3	11
10	3	11
10	3	11
10	3	11
10	3	11
10	3	11
10	3	11
10	3	11
10	3	11
10	3	11
10	3	11
10	3	11
10	3	11
10	3	11
10	3	7
14	7	14
14	7	15
14	7	11
5	12	5
5	12	4
5	12	8
Noxim simulation completed.
 ( 11000 cycles executed)
GlobalStats initialised

detailed = [
%  src  dst delay avg delay max     throughput       energy    received    received
%              cycles    cycles    flits/cycle        Joule     packets       flits
     0    0      3.65        23       0.080024           -1         100         800
% Aggregated average delay (cycles): 3.65
% Aggregated average throughput (flits/cycle): 0.080024
%  src  dst delay avg delay max     throughput       energy    received    received
%              cycles    cycles    flits/cycle        Joule     packets       flits
     8    1   11.5517        68      0.0734022           -1          87         696
% Aggregated average delay (cycles): 11.5517
% Aggregated average throughput (flits/cycle): 0.0734022
%  src  dst delay avg delay max     throughput       energy    received    received
%              cycles    cycles    flits/cycle        Joule     packets       flits
     2    2   4.10714        30      0.0680575           -1          84         672
% Aggregated average delay (cycles): 4.10714
% Aggregated average throughput (flits/cycle): 0.0680575
%  src  dst delay avg delay max     throughput       energy    received    received
%              cycles    cycles    flits/cycle        Joule     packets       flits
    10    3   13.7717        54      0.0737179           -1          92         736
% Aggregated average delay (cycles): 13.7717
% Aggregated average throughput (flits/cycle): 0.0737179
%  src  dst delay avg delay max     throughput       energy    received    received
%              cycles    cycles    flits/cycle        Joule     packets       flits
     4    4       3.3        16      0.0727548           -1          90         721
% Aggregated average delay (cycles): 3.3
% Aggregated average throughput (flits/cycle): 0.0727548
%  src  dst delay avg delay max     throughput       energy    received    received
%              cycles    cycles    flits/cycle        Joule     packets       flits
    12    5   10.7188        44      0.0770697           -1          96         768
% Aggregated average delay (cycles): 10.7188
% Aggregated average throughput (flits/cycle): 0.0770697
%  src  dst delay avg delay max     throughput       energy    received    received
%              cycles    cycles    flits/cycle        Joule     packets       flits
     6    6   4.31183        37      0.0764724           -1          93         744
% Aggregated average delay (cycles): 4.31183
% Aggregated average throughput (flits/cycle): 0.0764724
%  src  dst delay avg delay max     throughput       energy    received    received
%              cycles    cycles    flits/cycle        Joule     packets       flits
    14    7   10.7381        31      0.0672067           -1          84         672
% Aggregated average delay (cycles): 10.7381
% Aggregated average throughput (flits/cycle): 0.0672067
%  src  dst delay avg delay max     throughput       energy    received    received
%              cycles    cycles    flits/cycle        Joule     packets       flits
     1    8   11.2233        34      0.0830645           -1         103         824
% Aggregated average delay (cycles): 11.2233
% Aggregated average throughput (flits/cycle): 0.0830645
%  src  dst delay avg delay max     throughput       energy    received    received
%              cycles    cycles    flits/cycle        Joule     packets       flits
     9    9   3.89691        29      0.0778179           -1          97         776
% Aggregated average delay (cycles): 3.89691
% Aggregated average throughput (flits/cycle): 0.0778179
%  src  dst delay avg delay max     throughput       energy    received    received
%              cycles    cycles    flits/cycle        Joule     packets       flits
     3   10   11.0476        39      0.0684848           -1          84         678
% Aggregated average delay (cycles): 11.0476
% Aggregated average throughput (flits/cycle): 0.0684848
%  src  dst delay avg delay max     throughput       energy    received    received
%              cycles    cycles    flits/cycle        Joule     packets       flits
    11   11         3        17      0.0609995           -1          74         592
% Aggregated average delay (cycles): 3
% Aggregated average throughput (flits/cycle): 0.0609995
%  src  dst delay avg delay max     throughput       energy    received    received
%              cycles    cycles    flits/cycle        Joule     packets       flits
     5   12   11.2556        40      0.0715143           -1          90         715
% Aggregated average delay (cycles): 11.2556
% Aggregated average throughput (flits/cycle): 0.0715143
%  src  dst delay avg delay max     throughput       energy    received    received
%              cycles    cycles    flits/cycle        Joule     packets       flits
    13   13    3.9375        17      0.0762152           -1          96         762
% Aggregated average delay (cycles): 3.9375
% Aggregated average throughput (flits/cycle): 0.0762152
%  src  dst delay avg delay max     throughput       energy    received    received
%              cycles    cycles    flits/cycle        Joule     packets       flits
     7   14   12.9873        70      0.0648471           -1          79         632
% Aggregated average delay (cycles): 12.9873
% Aggregated average throughput (flits/cycle): 0.0648471
%  src  dst delay avg delay max     throughput       energy    received    received
%              cycles    cycles    flits/cycle        Joule     packets       flits
    15   15    3.7931        28      0.0715677           -1          87         698
% Aggregated average delay (cycles): 3.7931
% Aggregated average throughput (flits/cycle): 0.0715677
];

max_delay = [
       23    68    30    54
       16    44    37    31
       34    29    39    17
       40    17    70    28
];

routed_flits = [
          864         0       760         0
         1645       776      1480       840
          780      1640       720      1552
            0       864         0       712
];
power_dynamic = [
	0.000000e+00	 % antenna_buffer_front_pwr_d
	0.000000e+00	 % antenna_buffer_pop_pwr_d
	0.000000e+00	 % antenna_buffer_push_pwr_d
	0.000000e+00	 % buffer_from_tile_front_pwr_d
	0.000000e+00	 % buffer_from_tile_pop_pwr_d
	0.000000e+00	 % buffer_from_tile_push_pwr_d
	0.000000e+00	 % buffer_front_pwr_d
	1.688508e-08	 % buffer_pop_pwr_d
	2.409825e-08	 % buffer_push_pwr_d
	0.000000e+00	 % buffer_to_tile_front_pwr_d
	0.000000e+00	 % buffer_to_tile_pop_pwr_d
	0.000000e+00	 % buffer_to_tile_push_pwr_d
	6.988020e-09	 % crossbar_pwr_d
	0.000000e+00	 % link_r2h_pwr_d
	4.937779e-08	 % link_r2r_pwr_d
	1.069475e-08	 % ni_pwr_d
	2.220000e-10	 % routing_pwr_d
	1.850000e-10	 % selection_pwr_d
	0.000000e+00	 % wireless_dynamic_rx_pwr
	0.000000e+00	 % wireless_snooping
	0.000000e+00	 % wireless_tx
];
power_static = [
	0.000000e+00	 % antenna_buffer_pwr_s
	0.000000e+00	 % buffer_from_tile_pwr_s
	1.816000e-06	 % buffer_router_pwr_s
	0.000000e+00	 % buffer_to_tile_pwr_s
	1.198400e-07	 % crossbar_pwr_s
	2.611200e-09	 % link_r2h_pwr_s
	1.382400e-07	 % ni_pwr_s
	1.920000e-08	 % routing_pwr_s
	1.760000e-08	 % selection_pwr_s
	0.000000e+00	 % transceiver_rx_pwr_biasing
	0.000000e+00	 % transceiver_rx_pwr_s
	0.000000e+00	 % transceiver_tx_pwr_biasing
	0.000000e+00	 % transceiver_tx_pwr_s
];
wirxsleep_stats = [
%	Total Sleep Cycles (T), antenna BufferRX sleep cycles (ARX), BufferToTile sleep cycles (TTRX) 
%	HUB	T	ARX	TTRX	
	0	0.00	-nan	-nan
	1	0.00	-nan	-nan
	2	0.00	-nan	-nan
	3	0.00	-nan	-nan
];
% Total received packets: 1436
% Total received flits: 11486
% Global average delay (cycles): 7.68942
% Global average throughput (flits/cycle): 0.072701
% Throughput (flits/cycle/IP): 0.0797639
% Max delay (cycles): 70
% Total energy (J): 2.22194e-06
% 	Dynamic energy (J): 1.08451e-07
% 	Static energy (J): 2.11349e-06
