
		Noxim - the NoC Simulator
		(C) University of Catania

Loading configuration from file conf4x4.yaml
Traffic table Filename : testTraffic.txt
configuring hub : starts 
configuring hub : ends 
configuring channels : start 
configuring channels : ends 
configuring power : starts 
configuring power : sends 
Global Routing Table created 
GlobalTrafficTable created
NoC constructor called
NoC::buildMesh invoked
Channel  created
Hub: 1
Hub: 2
Hub: 3
Hub: 4
RoutingAlgorithms::get XY
Initialising router
RoutingAlgorithms::get XY
Initialising router
RoutingAlgorithms::get XY
Initialising router
RoutingAlgorithms::get XY
Initialising router
RoutingAlgorithms::get XY
Initialising router
RoutingAlgorithms::get XY
Initialising router
RoutingAlgorithms::get XY
Initialising router
RoutingAlgorithms::get XY
Initialising router
RoutingAlgorithms::get XY
Initialising router
RoutingAlgorithms::get XY
Initialising router
RoutingAlgorithms::get XY
Initialising router
RoutingAlgorithms::get XY
Initialising router
RoutingAlgorithms::get XY
Initialising router
RoutingAlgorithms::get XY
Initialising router
RoutingAlgorithms::get XY
Initialising router
RoutingAlgorithms::get XY
Initialising router
Reset...

Info: (I702) default timescale unit used for tracing: 1 ps (trace_1.vcd)
 done! Now running for 10000 cycles...
3	10	3
8	1	8
3	10	2
8	1	9
8	1	5
3	10	6
12	5	12
12	5	13
1	8	1
12	5	9
1	8	0
1	8	4
1	8	1
1	8	0
1	8	4
7	14	7
7	14	6
7	14	10
1	8	1
1	8	0
10	3	10
1	8	4
10	3	11
5	12	5
10	3	7
5	12	4
5	12	4
5	12	4
5	12	4
5	12	4
5	12	4
5	12	4
5	12	4
5	12	4
5	12	4
5	12	4
5	12	4
5	12	4
5	12	8
10	3	10
10	3	11
10	3	7
7	14	7
7	14	6
7	14	10
8	1	8
8	1	9
7	14	7
8	1	5
7	14	6
12	5	12
7	14	10
3	10	3
12	5	13
3	10	2
12	5	9
12	5	9
3	10	6
12	5	9
3	10	6
12	5	9
3	10	6
12	5	9
3	10	6
12	5	9
3	10	6
12	5	9
3	10	6
12	5	9
3	10	6
12	5	9
3	10	6
3	10	6
3	10	6
12	5	12
3	10	3
12	5	13
12	5	13
3	10	2
1	8	1
3	10	2
1	8	0
1	8	4
12	5	9
12	5	9
3	10	6
3	10	6
5	12	5
5	12	4
7	14	7
5	12	8
7	14	6
14	7	14
7	14	10
14	7	15
14	7	11
8	1	8
8	1	9
8	1	5
14	7	14
14	7	15
14	7	11
7	14	7
7	14	6
7	14	10
1	8	1
1	8	0
1	8	4
10	3	10
10	3	11
10	3	7
1	8	1
1	8	0
1	8	4
10	3	10
10	3	11
10	3	7
8	1	8
8	1	9
12	5	12
8	1	5
12	5	13
12	5	9
12	5	9
12	5	9
12	5	9
12	5	9
12	5	9
12	5	9
12	5	9
12	5	9
12	5	9
12	5	9
12	5	9
8	1	8
8	1	9
8	1	9
8	1	9
8	1	9
8	1	9
8	1	9
8	1	9
8	1	9
8	1	9
8	1	9
8	1	9
8	1	9
8	1	9
8	1	9
8	1	5
14	7	14
8	1	8
14	7	15
8	1	8
14	7	11
8	1	9
8	1	9
7	14	7
8	1	5
7	14	6
7	14	10
14	7	14
14	7	15
14	7	11
7	14	7
7	14	6
7	14	10
7	14	7
7	14	6
7	14	10
1	8	1
1	8	0
14	7	14
1	8	4
14	7	15
14	7	11
14	7	14
14	7	15
14	7	11
8	1	8
8	1	9
8	1	5
3	10	3
3	10	2
1	8	1
3	10	6
1	8	0
1	8	4
3	10	3
3	10	2
3	10	6
5	12	5
5	12	4
5	12	8
8	1	8
8	1	9
8	1	5
5	12	5
5	12	4
5	12	8
12	5	12
12	5	13
12	5	9
3	10	3
3	10	2
3	10	6
3	10	3
3	10	2
3	10	6
3	10	3
3	10	2
3	10	6
5	12	5
5	12	4
14	7	14
5	12	8
14	7	15
14	7	11
5	12	5
10	3	10
5	12	4
10	3	11
5	12	8
10	3	11
10	3	11
10	3	11
10	3	11
10	3	7
12	5	12
12	5	13
12	5	9
8	1	8
14	7	14
8	1	9
8	1	9
14	7	15
8	1	9
8	1	9
14	7	11
8	1	9
8	1	9
8	1	9
8	1	9
8	1	9
8	1	9
8	1	9
8	1	9
8	1	9
8	1	5
14	7	14
14	7	15
14	7	11
1	8	1
1	8	0
1	8	4
14	7	14
14	7	15
14	7	11
14	7	14
14	7	15
14	7	11
10	3	10
10	3	11
10	3	11
10	3	11
10	3	11
14	7	14
10	3	11
10	3	11
14	7	15
10	3	11
10	3	11
14	7	11
14	7	11
10	3	7
14	7	11
14	7	11
14	7	11
14	7	11
8	1	8
14	7	11
14	7	11
8	1	9
14	7	11
14	7	11
12	5	12
8	1	5
14	7	11
14	7	11
12	5	13
14	7	11
12	5	9
14	7	11
12	5	9
14	7	11
12	5	9
14	7	11
12	5	9
14	7	11
12	5	9
12	5	9
12	5	9
12	5	9
1	8	1
12	5	9
12	5	9
1	8	0
5	12	5
12	5	9
12	5	9
1	8	4
5	12	4
5	12	4
5	12	4
5	12	4
5	12	4
5	12	4
5	12	4
5	12	4
5	12	4
7	14	7
5	12	4
5	12	4
7	14	6
5	12	4
5	12	4
7	14	10
5	12	4
5	12	4
5	12	4
5	12	4
5	12	8
3	10	3
3	10	2
3	10	6
10	3	10
10	3	11
10	3	7
7	14	7
7	14	6
7	14	6
7	14	6
7	14	6
7	14	6
7	14	6
7	14	6
7	14	6
7	14	10
8	1	8
8	1	9
8	1	5
12	5	12
12	5	13
12	5	9
3	10	3
7	14	7
12	5	9
12	5	9
3	10	2
7	14	6
12	5	9
12	5	9
3	10	6
12	5	9
7	14	10
3	10	6
12	5	9
3	10	6
12	5	9
3	10	6
12	5	9
3	10	6
12	5	9
3	10	6
3	10	6
3	10	6
3	10	6
3	10	6
3	10	6
3	10	6
3	10	3
3	10	6
3	10	6
3	10	6
1	8	1
1	8	0
3	10	2
1	8	4
3	10	2
3	10	6
3	10	6
1	8	1
10	3	10
12	5	12
1	8	0
10	3	11
12	5	13
1	8	4
10	3	7
12	5	9
14	7	14
5	12	5
14	7	15
5	12	4
14	7	11
5	12	8
5	12	5
5	12	4
5	12	8
12	5	12
12	5	13
12	5	9
1	8	1
1	8	0
1	8	4
7	14	7
3	10	3
7	14	6
3	10	2
7	14	10
3	10	6
3	10	6
3	10	6
3	10	6
3	10	6
3	10	6
3	10	6
8	1	8
3	10	6
3	10	6
8	1	9
3	10	6
8	1	5
3	10	6
3	10	6
3	10	3
3	10	6
3	10	2
3	10	2
10	3	10
10	3	11
1	8	1
10	3	7
1	8	0
3	10	6
3	10	3
1	8	4
3	10	6
3	10	2
3	10	2
3	10	6
1	8	1
3	10	6
1	8	0
1	8	4
14	7	14
14	7	15
14	7	11
12	5	12
8	1	8
12	5	13
12	5	9
8	1	9
8	1	9
8	1	9
8	1	9
8	1	9
8	1	9
8	1	9
8	1	9
8	1	9
8	1	9
5	12	5
8	1	9
8	1	9
5	12	4
8	1	9
8	1	9
5	12	8
8	1	9
8	1	9
8	1	9
8	1	5
10	3	10
7	14	7
10	3	11
7	14	6
10	3	7
3	10	3
7	14	10
3	10	2
5	12	5
3	10	6
3	10	6
1	8	1
5	12	4
3	10	6
3	10	6
1	8	0
3	10	6
5	12	8
3	10	6
1	8	4
3	10	6
1	8	4
3	10	6
1	8	4
3	10	6
1	8	4
3	10	6
1	8	4
3	10	6
1	8	4
3	10	3
1	8	4
1	8	4
1	8	4
1	8	4
3	10	2
1	8	4
3	10	2
1	8	4
1	8	4
1	8	1
1	8	0
1	8	0
3	10	6
3	10	6
3	10	3
3	10	2
3	10	2
1	8	4
1	8	4
3	10	6
3	10	6
8	1	8
8	1	9
8	1	5
14	7	14
14	7	15
1	8	1
14	7	11
12	5	12
1	8	0
12	5	13
1	8	4
12	5	9
14	7	14
14	7	15
1	8	1
14	7	11
1	8	0
1	8	4
14	7	14
14	7	15
1	8	1
14	7	11
1	8	0
1	8	4
3	10	3
3	10	2
3	10	6
8	1	8
8	1	9
8	1	5
1	8	1
1	8	0
1	8	4
1	8	1
1	8	0
1	8	4
1	8	1
1	8	0
1	8	4
3	10	3
3	10	2
3	10	6
8	1	8
8	1	9
8	1	5
3	10	3
3	10	2
3	10	6
5	12	5
5	12	4
1	8	1
5	12	8
1	8	0
1	8	4
1	8	4
1	8	4
1	8	4
1	8	4
1	8	4
1	8	4
1	8	4
3	10	3
1	8	4
1	8	4
3	10	2
1	8	4
1	8	4
3	10	6
12	5	12
12	5	13
12	5	9
10	3	10
10	3	11
10	3	7
8	1	8
8	1	9
8	1	5
8	1	8
8	1	9
7	14	7
8	1	5
7	14	6
7	14	10
14	7	14
14	7	15
14	7	11
12	5	12
12	5	13
12	5	9
14	7	14
14	7	15
14	7	11
1	8	1
1	8	0
1	8	4
8	1	8
8	1	9
8	1	5
5	12	5
14	7	14
5	12	4
14	7	15
5	12	4
5	12	4
14	7	11
5	12	4
5	12	4
3	10	3
5	12	4
5	12	4
3	10	2
5	12	4
5	12	4
8	1	8
3	10	6
5	12	8
8	1	9
8	1	5
5	12	5
5	12	5
5	12	4
5	12	4
5	12	8
1	8	1
1	8	0
1	8	4
1	8	4
1	8	4
1	8	4
1	8	4
1	8	4
1	8	4
1	8	4
1	8	4
14	7	14
14	7	15
14	7	11
7	14	7
7	14	6
7	14	10
1	8	1
1	8	0
1	8	4
12	5	12
12	5	13
12	5	9
10	3	10
10	3	11
10	3	7
8	1	8
8	1	9
8	1	5
12	5	12
12	5	13
12	5	9
12	5	9
12	5	9
12	5	9
12	5	9
7	14	7
12	5	9
12	5	9
7	14	6
7	14	10
14	7	14
8	1	8
14	7	15
8	1	9
14	7	11
8	1	9
8	1	9
8	1	9
8	1	9
8	1	9
8	1	9
7	14	7
8	1	9
8	1	9
7	14	6
8	1	5
7	14	10
14	7	14
12	5	12
14	7	15
14	7	11
12	5	13
12	5	9
8	1	8
12	5	9
12	5	9
8	1	9
8	1	9
8	1	9
8	1	9
8	1	9
8	1	9
8	1	9
8	1	9
8	1	9
8	1	9
12	5	12
8	1	9
8	1	9
12	5	13
8	1	9
8	1	9
12	5	9
8	1	9
12	5	9
8	1	9
8	1	9
8	1	9
8	1	9
8	1	9
8	1	9
8	1	9
8	1	9
8	1	9
14	7	14
8	1	9
8	1	9
14	7	15
8	1	9
8	1	9
14	7	11
8	1	9
8	1	9
8	1	9
8	1	9
8	1	5
8	1	8
8	1	8
8	1	9
8	1	9
8	1	5
8	1	8
8	1	8
7	14	7
7	14	6
7	14	10
3	10	3
8	1	9
8	1	9
3	10	2
8	1	5
3	10	6
3	10	6
3	10	6
3	10	6
3	10	6
3	10	6
3	10	6
3	10	6
8	1	8
7	14	7
8	1	9
8	1	5
7	14	6
7	14	6
7	14	10
8	1	8
8	1	9
8	1	5
12	5	12
12	5	13
12	5	9
12	5	9
12	5	9
12	5	9
12	5	9
10	3	10
12	5	9
12	5	9
10	3	11
10	3	7
7	14	7
7	14	6
7	14	10
14	7	14
14	7	15
14	7	11
12	5	12
12	5	13
5	12	5
12	5	9
5	12	4
5	12	8
14	7	14
10	3	10
14	7	15
12	5	12
10	3	11
14	7	11
14	7	11
12	5	13
10	3	7
14	7	11
12	5	9
14	7	11
14	7	11
14	7	11
14	7	11
14	7	11
14	7	11
14	7	11
14	7	11
14	7	11
14	7	11
14	7	11
10	3	10
14	7	11
14	7	11
14	7	11
10	3	11
10	3	11
10	3	11
10	3	11
10	3	11
10	3	11
10	3	11
10	3	11
10	3	11
10	3	11
10	3	11
10	3	11
10	3	11
10	3	11
10	3	11
10	3	11
10	3	11
10	3	7
3	10	3
3	10	2
3	10	6
10	3	10
10	3	11
10	3	7
3	10	3
3	10	2
3	10	6
8	1	8
8	1	9
8	1	5
12	5	12
3	10	3
12	5	13
3	10	2
12	5	9
12	5	9
3	10	6
12	5	9
12	5	9
12	5	9
12	5	9
8	1	8
8	1	9
8	1	9
8	1	9
8	1	9
8	1	9
8	1	9
8	1	9
8	1	9
8	1	9
14	7	14
8	1	9
8	1	9
14	7	15
8	1	5
14	7	11
3	10	3
3	10	2
3	10	6
14	7	14
14	7	15
14	7	11
3	10	3
3	10	2
8	1	8
3	10	6
8	1	9
8	1	5
14	7	14
14	7	15
14	7	11
8	1	8
8	1	9
14	7	14
8	1	5
14	7	15
14	7	11
7	14	7
7	14	6
7	14	10
12	5	12
12	5	13
12	5	9
1	8	1
1	8	0
1	8	4
14	7	14
14	7	15
14	7	11
7	14	7
3	10	3
7	14	6
3	10	2
7	14	10
10	3	10
3	10	6
10	3	11
3	10	6
10	3	11
3	10	6
10	3	11
3	10	6
10	3	11
3	10	6
10	3	11
3	10	6
10	3	11
14	7	14
3	10	6
10	3	11
3	10	6
10	3	11
14	7	15
3	10	6
10	3	11
3	10	6
14	7	11
10	3	11
3	10	6
10	3	11
3	10	6
10	3	11
3	10	6
10	3	11
10	3	11
7	14	7
10	3	11
10	3	11
7	14	6
10	3	11
7	14	6
10	3	11
7	14	6
10	3	11
7	14	6
10	3	11
7	14	6
10	3	11
7	14	6
10	3	11
7	14	6
10	3	11
7	14	6
10	3	11
7	14	6
10	3	11
7	14	6
10	3	11
7	14	6
7	14	6
10	3	7
7	14	6
1	8	1
7	14	10
1	8	0
10	3	10
10	3	10
1	8	4
10	3	11
10	3	11
10	3	7
7	14	7
7	14	6
7	14	10
10	3	10
10	3	11
5	12	5
10	3	7
5	12	4
5	12	8
8	1	8
8	1	9
8	1	5
5	12	5
5	12	4
5	12	8
12	5	12
12	5	13
12	5	9
12	5	9
1	8	1
7	14	7
1	8	0
7	14	6
1	8	4
7	14	10
1	8	4
14	7	14
8	1	8
14	7	15
8	1	9
14	7	11
12	5	12
1	8	1
8	1	5
12	5	13
1	8	0
12	5	9
1	8	4
12	5	9
1	8	4
12	5	9
12	5	9
12	5	9
12	5	9
12	5	9
12	5	9
12	5	9
12	5	9
12	5	9
12	5	9
7	14	7
7	14	6
7	14	10
14	7	14
14	7	15
14	7	11
7	14	7
7	14	6
7	14	10
7	14	7
7	14	6
7	14	10
7	14	7
7	14	6
7	14	10
12	5	12
12	5	13
12	5	9
12	5	12
1	8	1
12	5	13
1	8	0
12	5	9
1	8	4
3	10	3
12	5	12
3	10	2
12	5	13
3	10	6
12	5	9
1	8	1
1	8	0
1	8	4
12	5	12
12	5	13
12	5	9
10	3	10
10	3	11
10	3	7
8	1	8
8	1	9
8	1	9
8	1	9
8	1	9
10	3	10
8	1	5
10	3	11
10	3	7
7	14	7
7	14	6
7	14	10
14	7	14
14	7	15
14	7	11
12	5	12
12	5	13
12	5	9
7	14	7
1	8	1
7	14	6
1	8	0
7	14	10
1	8	4
1	8	1
1	8	0
1	8	4
1	8	1
1	8	0
1	8	4
10	3	10
10	3	11
10	3	7
1	8	1
1	8	0
1	8	4
10	3	10
10	3	11
10	3	7
14	7	14
14	7	15
1	8	1
14	7	11
1	8	0
14	7	11
8	1	8
1	8	4
10	3	10
8	1	9
10	3	11
8	1	5
10	3	11
10	3	11
12	5	12
10	3	11
10	3	11
12	5	13
10	3	11
12	5	9
10	3	11
12	5	9
10	3	11
12	5	9
10	3	11
12	5	9
10	3	11
12	5	9
10	3	11
12	5	9
10	3	11
12	5	9
10	3	11
12	5	9
10	3	7
12	5	9
12	5	9
10	3	10
10	3	11
10	3	7
5	12	5
1	8	1
5	12	4
1	8	0
5	12	8
1	8	4
1	8	4
1	8	4
1	8	4
1	8	4
1	8	4
1	8	4
1	8	4
1	8	4
1	8	4
1	8	4
5	12	5
1	8	4
1	8	4
5	12	4
5	12	4
5	12	4
5	12	4
5	12	4
1	8	1
5	12	4
5	12	4
1	8	0
5	12	4
5	12	4
5	12	4
5	12	4
5	12	4
5	12	4
5	12	4
5	12	4
1	8	4
5	12	4
1	8	4
5	12	4
5	12	4
5	12	4
5	12	4
5	12	4
5	12	4
5	12	4
5	12	4
5	12	4
5	12	4
5	12	4
5	12	4
5	12	4
5	12	4
5	12	4
5	12	4
5	12	4
5	12	8
7	14	7
7	14	6
3	10	3
5	12	5
5	12	5
7	14	10
3	10	2
3	10	6
3	10	6
3	10	6
1	8	1
3	10	6
3	10	6
1	8	0
5	12	4
3	10	6
5	12	4
3	10	6
1	8	4
3	10	6
1	8	4
3	10	6
5	12	8
1	8	4
3	10	6
1	8	4
3	10	6
1	8	4
3	10	6
1	8	4
5	12	5
1	8	4
5	12	5
1	8	4
1	8	4
1	8	4
1	8	4
1	8	4
1	8	4
1	8	4
3	10	3
1	8	4
5	12	4
1	8	4
5	12	4
3	10	2
5	12	4
5	12	4
5	12	4
5	12	4
3	10	6
5	12	4
3	10	6
5	12	4
5	12	4
5	12	4
5	12	4
5	12	4
5	12	4
5	12	4
5	12	4
5	12	4
5	12	4
5	12	4
5	12	8
8	1	8
1	8	1
8	1	9
1	8	0
8	1	5
1	8	4
5	12	5
5	12	4
5	12	8
8	1	8
8	1	9
8	1	5
3	10	3
12	5	12
3	10	2
12	5	13
3	10	6
12	5	9
12	5	9
8	1	8
12	5	9
12	5	9
12	5	9
8	1	9
8	1	9
8	1	9
8	1	9
8	1	9
8	1	9
8	1	9
8	1	9
8	1	9
12	5	12
8	1	9
8	1	9
12	5	13
3	10	3
8	1	9
8	1	9
3	10	2
8	1	9
8	1	9
3	10	6
12	5	9
8	1	9
12	5	9
8	1	9
8	1	9
8	1	9
8	1	9
8	1	9
8	1	9
8	1	9
8	1	9
8	1	9
8	1	9
8	1	9
3	10	3
8	1	9
8	1	9
3	10	2
8	1	9
8	1	9
3	10	6
8	1	9
8	1	9
8	1	5
3	10	3
3	10	2
3	10	6
1	8	1
1	8	0
8	1	8
1	8	4
8	1	9
8	1	5
1	8	1
1	8	0
1	8	4
3	10	3
3	10	2
3	10	6
1	8	1
1	8	0
1	8	4
5	12	5
5	12	4
5	12	4
5	12	4
5	12	8
5	12	5
5	12	4
5	12	8
7	14	7
8	1	8
7	14	6
8	1	9
7	14	10
8	1	5
14	7	14
14	7	15
14	7	11
7	14	7
7	14	6
7	14	10
5	12	5
5	12	4
5	12	8
7	14	7
7	14	6
7	14	10
5	12	5
5	12	4
5	12	8
5	12	5
5	12	4
1	8	1
5	12	8
1	8	0
1	8	4
1	8	4
1	8	4
1	8	4
1	8	4
1	8	4
1	8	4
1	8	4
1	8	4
1	8	4
1	8	4
3	10	3
3	10	2
3	10	6
10	3	10
14	7	14
10	3	11
14	7	15
10	3	7
14	7	11
14	7	11
14	7	11
14	7	11
7	14	7
14	7	11
14	7	11
7	14	6
14	7	11
14	7	11
7	14	10
14	7	11
14	7	11
14	7	11
10	3	10
14	7	11
14	7	11
14	7	11
10	3	11
10	3	11
10	3	11
8	1	8
10	3	11
10	3	11
8	1	9
10	3	11
10	3	11
8	1	5
10	3	11
10	3	11
10	3	11
10	3	11
10	3	11
10	3	11
10	3	11
10	3	11
10	3	11
10	3	11
10	3	7
5	12	5
5	12	4
5	12	8
7	14	7
7	14	6
7	14	10
12	5	12
3	10	3
12	5	13
3	10	2
12	5	9
3	10	6
1	8	1
1	8	0
1	8	4
14	7	14
14	7	15
14	7	11
14	7	14
14	7	15
14	7	11
12	5	12
12	5	13
12	5	9
14	7	14
14	7	15
14	7	11
10	3	10
10	3	11
10	3	11
10	3	7
5	12	5
8	1	8
5	12	4
8	1	9
8	1	5
5	12	8
14	7	14
14	7	15
14	7	11
3	10	3
8	1	8
3	10	2
8	1	9
3	10	6
8	1	5
10	3	10
10	3	11
10	3	7
3	10	3
3	10	2
7	14	7
3	10	6
7	14	6
7	14	6
7	14	6
7	14	6
14	7	14
7	14	6
7	14	6
14	7	15
7	14	6
7	14	6
14	7	11
7	14	6
7	14	6
7	14	6
7	14	6
7	14	6
7	14	6
7	14	6
7	14	6
7	14	6
7	14	10
14	7	14
10	3	10
14	7	15
10	3	11
14	7	11
14	7	11
10	3	7
14	7	11
14	7	11
14	7	11
14	7	11
14	7	11
14	7	11
14	7	11
14	7	11
14	7	11
14	7	11
14	7	11
14	7	14
14	7	11
14	7	11
14	7	11
14	7	11
10	3	10
12	5	12
10	3	11
12	5	13
14	7	15
5	12	5
10	3	11
14	7	15
8	1	8
12	5	9
10	3	11
5	12	4
10	3	11
8	1	9
10	3	11
5	12	8
8	1	9
10	3	11
8	1	9
10	3	11
8	1	9
10	3	11
14	7	14
8	1	9
10	3	11
14	7	14
8	1	9
14	7	11
10	3	11
8	1	9
14	7	11
10	3	11
8	1	9
10	3	11
8	1	9
10	3	11
8	1	9
10	3	11
8	1	9
10	3	11
8	1	9
10	3	11
8	1	9
10	3	11
14	7	15
8	1	9
10	3	11
14	7	15
8	1	9
10	3	11
10	3	11
8	1	5
10	3	11
10	3	11
10	3	11
10	3	11
10	3	11
14	7	11
10	3	11
10	3	11
14	7	11
14	7	11
10	3	7
14	7	11
14	7	11
14	7	11
14	7	11
10	3	10
14	7	11
10	3	10
14	7	11
14	7	11
14	7	11
14	7	11
14	7	11
14	7	11
7	14	7
14	7	11
14	7	11
7	14	6
14	7	11
10	3	11
14	7	11
10	3	11
7	14	10
10	3	11
10	3	11
1	8	1
10	3	11
10	3	11
1	8	0
10	3	11
10	3	11
1	8	4
10	3	11
14	7	14
10	3	11
10	3	11
14	7	15
10	3	11
10	3	11
10	3	11
10	3	11
10	3	11
14	7	11
10	3	11
14	7	11
10	3	11
10	3	11
10	3	11
1	8	1
10	3	11
10	3	11
1	8	0
10	3	11
10	3	11
1	8	4
10	3	11
10	3	11
10	3	11
3	10	3
10	3	11
10	3	11
3	10	2
10	3	11
10	3	11
3	10	6
10	3	11
10	3	11
10	3	11
10	3	7
14	7	14
14	7	15
10	3	10
10	3	10
14	7	11
14	7	11
14	7	11
14	7	11
14	7	11
14	7	11
14	7	11
14	7	11
14	7	11
10	3	11
14	7	11
10	3	11
10	3	11
10	3	11
10	3	11
10	3	11
10	3	11
10	3	11
10	3	11
10	3	11
10	3	11
10	3	11
10	3	11
10	3	11
10	3	11
10	3	11
10	3	11
10	3	11
5	12	5
10	3	7
8	1	8
5	12	4
8	1	9
8	1	5
5	12	8
10	3	10
10	3	10
10	3	11
10	3	11
10	3	7
10	3	10
3	10	3
10	3	11
3	10	2
10	3	11
3	10	6
10	3	7
8	1	8
8	1	9
8	1	5
8	1	8
7	14	7
8	1	9
8	1	5
7	14	6
1	8	1
7	14	10
1	8	0
1	8	4
3	10	3
3	10	2
3	10	6
3	10	6
12	5	12
3	10	6
3	10	6
12	5	13
3	10	6
12	5	9
8	1	8
8	1	9
8	1	5
8	1	8
8	1	9
8	1	5
10	3	10
10	3	11
10	3	7
8	1	8
8	1	9
8	1	5
3	10	3
3	10	2
3	10	6
14	7	14
14	7	15
14	7	11
1	8	1
1	8	0
1	8	4
1	8	1
1	8	0
1	8	4
12	5	12
12	5	13
7	14	7
12	5	9
7	14	6
7	14	10
14	7	14
1	8	1
14	7	15
1	8	0
14	7	11
1	8	4
5	12	5
5	12	4
5	12	8
14	7	14
7	14	7
14	7	15
7	14	6
14	7	11
7	14	10
5	12	5
5	12	4
5	12	8
10	3	10
10	3	11
10	3	11
10	3	11
10	3	7
7	14	7
7	14	6
7	14	10
1	8	1
1	8	0
1	8	4
12	5	12
12	5	13
12	5	9
8	1	8
8	1	9
8	1	9
8	1	9
8	1	9
8	1	9
8	1	9
8	1	5
3	10	3
3	10	2
3	10	6
3	10	3
3	10	2
3	10	6
7	14	7
7	14	6
7	14	10
1	8	1
1	8	0
1	8	4
14	7	14
10	3	10
14	7	15
10	3	11
14	7	11
10	3	7
14	7	11
14	7	11
14	7	11
14	7	11
14	7	11
14	7	11
14	7	11
14	7	11
14	7	11
14	7	11
14	7	11
14	7	11
10	3	10
14	7	11
14	7	11
14	7	11
10	3	11
10	3	11
10	3	11
10	3	11
10	3	11
10	3	11
10	3	11
10	3	11
10	3	11
10	3	11
10	3	11
10	3	11
10	3	11
10	3	11
3	10	3
10	3	11
10	3	11
3	10	2
7	14	7
10	3	11
3	10	6
7	14	6
10	3	7
7	14	6
7	14	6
7	14	6
7	14	6
7	14	6
7	14	6
7	14	6
7	14	6
7	14	6
10	3	10
7	14	6
7	14	6
7	14	6
7	14	6
10	3	11
7	14	6
10	3	11
7	14	6
7	14	6
10	3	7
7	14	10
7	14	7
7	14	7
7	14	6
7	14	6
7	14	10
5	12	5
5	12	4
5	12	8
5	12	5
5	12	4
5	12	8
3	10	3
3	10	2
3	10	6
7	14	7
7	14	6
10	3	10
7	14	10
10	3	11
8	1	8
10	3	7
8	1	9
8	1	5
5	12	5
5	12	4
5	12	8
1	8	1
1	8	0
1	8	4
12	5	12
7	14	7
12	5	13
1	8	1
7	14	6
12	5	9
1	8	0
7	14	10
1	8	4
7	14	7
7	14	6
7	14	10
8	1	8
8	1	9
8	1	5
3	10	3
3	10	2
5	12	5
5	12	4
3	10	6
5	12	8
10	3	10
5	12	5
10	3	11
5	12	4
14	7	14
10	3	7
5	12	8
14	7	15
14	7	11
14	7	11
14	7	11
14	7	11
14	7	11
14	7	11
14	7	11
14	7	11
14	7	11
14	7	11
14	7	11
14	7	11
8	1	8
8	1	9
8	1	5
3	10	3
3	10	2
3	10	6
12	5	12
12	5	13
12	5	9
5	12	5
5	12	4
5	12	8
10	3	10
10	3	11
3	10	3
10	3	7
12	5	12
3	10	2
12	5	13
3	10	6
12	5	9
8	1	8
8	1	9
8	1	9
8	1	9
8	1	9
8	1	9
8	1	9
8	1	9
8	1	9
8	1	9
8	1	5
12	5	12
12	5	13
12	5	9
3	10	3
8	1	8
3	10	2
8	1	9
8	1	9
3	10	6
8	1	9
8	1	9
8	1	9
8	1	9
8	1	9
8	1	9
8	1	9
8	1	9
8	1	9
8	1	9
8	1	9
8	1	5
8	1	8
8	1	8
8	1	9
8	1	9
8	1	5
12	5	12
12	5	13
12	5	9
10	3	10
10	3	11
10	3	7
14	7	14
14	7	15
14	7	11
5	12	5
10	3	10
1	8	1
5	12	4
10	3	11
1	8	0
5	12	8
10	3	7
1	8	4
1	8	4
1	8	4
1	8	4
1	8	4
1	8	4
1	8	4
1	8	4
1	8	4
1	8	4
8	1	8
1	8	4
1	8	4
8	1	9
1	8	1
1	8	4
8	1	5
12	5	12
1	8	0
1	8	0
12	5	13
12	5	9
12	5	9
12	5	9
12	5	9
12	5	9
12	5	9
1	8	4
12	5	9
1	8	1
1	8	4
3	10	3
3	10	2
1	8	0
1	8	0
3	10	6
1	8	4
1	8	4
14	7	14
14	7	15
14	7	11
12	5	12
12	5	13
12	5	9
3	10	3
3	10	2
1	8	1
3	10	6
1	8	0
1	8	4
10	3	10
10	3	11
10	3	7
12	5	12
12	5	13
12	5	9
8	1	8
8	1	9
14	7	14
8	1	5
14	7	15
14	7	11
12	5	12
7	14	7
12	5	13
7	14	6
12	5	9
12	5	9
7	14	10
12	5	9
12	5	9
12	5	9
12	5	9
5	12	5
5	12	4
7	14	7
5	12	8
7	14	6
7	14	10
5	12	5
5	12	4
10	3	10
5	12	8
10	3	11
1	8	1
10	3	7
1	8	0
1	8	4
1	8	4
1	8	4
1	8	4
1	8	4
1	8	4
1	8	4
1	8	4
1	8	4
10	3	10
10	3	11
10	3	7
10	3	10
10	3	11
10	3	7
5	12	5
5	12	4
5	12	8
7	14	7
7	14	6
7	14	10
3	10	3
3	10	2
3	10	6
3	10	6
3	10	3
3	10	2
3	10	6
3	10	6
8	1	8
8	1	9
8	1	5
3	10	3
3	10	2
3	10	6
3	10	6
8	1	8
8	1	9
10	3	10
8	1	5
5	12	5
7	14	7
10	3	11
5	12	4
7	14	6
10	3	7
7	14	6
7	14	6
5	12	8
7	14	6
7	14	6
7	14	10
14	7	14
10	3	10
14	7	15
14	7	11
10	3	11
10	3	11
10	3	11
10	3	11
10	3	11
10	3	11
10	3	11
7	14	7
10	3	11
10	3	11
7	14	6
10	3	11
10	3	11
7	14	10
10	3	11
10	3	11
5	12	5
10	3	11
10	3	11
5	12	4
10	3	11
3	10	3
10	3	11
5	12	8
3	10	2
10	3	7
14	7	14
3	10	6
3	10	6
14	7	15
3	10	6
3	10	6
14	7	11
3	10	6
14	7	11
3	10	6
14	7	11
14	7	11
14	7	11
14	7	11
14	7	11
14	7	11
14	7	11
14	7	11
14	7	14
3	10	3
14	7	15
14	7	15
3	10	2
3	10	6
14	7	11
14	7	11
1	8	1
12	5	12
1	8	0
12	5	13
1	8	4
12	5	9
12	5	12
12	5	13
12	5	9
14	7	14
14	7	15
14	7	11
5	12	5
3	10	3
5	12	4
3	10	2
5	12	8
3	10	6
14	7	14
14	7	15
14	7	11
7	14	7
7	14	6
7	14	10
14	7	14
14	7	15
12	5	12
14	7	11
12	5	13
12	5	9
3	10	3
3	10	2
3	10	6
10	3	10
10	3	11
10	3	11
10	3	11
10	3	11
10	3	7
3	10	3
3	10	2
14	7	14
3	10	6
14	7	15
7	14	7
14	7	11
7	14	6
7	14	6
7	14	6
7	14	6
7	14	6
7	14	6
7	14	6
7	14	6
7	14	6
7	14	6
7	14	6
7	14	6
7	14	6
7	14	10
7	14	7
7	14	7
8	1	8
7	14	6
8	1	9
7	14	6
8	1	5
7	14	10
7	14	7
7	14	6
7	14	10
14	7	14
14	7	15
14	7	11
7	14	7
8	1	8
7	14	6
8	1	9
12	5	12
7	14	10
8	1	5
12	5	13
5	12	5
12	5	9
12	5	9
5	12	4
12	5	9
12	5	9
5	12	8
12	5	9
12	5	9
12	5	9
12	5	9
12	5	9
14	7	14
12	5	9
12	5	9
14	7	15
12	5	9
12	5	9
14	7	11
1	8	1
1	8	0
5	12	5
1	8	4
5	12	4
8	1	8
5	12	4
5	12	4
8	1	9
5	12	4
8	1	9
5	12	4
8	1	9
5	12	4
8	1	9
5	12	4
8	1	9
5	12	4
8	1	9
5	12	4
8	1	9
5	12	4
5	12	4
8	1	5
5	12	4
5	12	4
5	12	4
5	12	4
5	12	4
5	12	8
1	8	1
1	8	0
1	8	4
1	8	4
12	5	12
1	8	1
12	5	13
1	8	0
12	5	9
1	8	4
7	14	7
7	14	6
7	14	10
3	10	3
3	10	2
3	10	6
3	10	6
3	10	6
3	10	6
3	10	6
3	10	6
3	10	6
3	10	6
8	1	8
8	1	9
8	1	5
7	14	7
7	14	6
7	14	10
14	7	14
14	7	15
14	7	11
14	7	14
14	7	15
14	7	11
8	1	8
8	1	9
8	1	5
5	12	5
5	12	4
5	12	8
5	12	5
5	12	4
5	12	8
3	10	3
5	12	5
3	10	2
5	12	4
3	10	6
5	12	8
10	3	10
10	3	11
10	3	7
5	12	5
5	12	4
5	12	8
1	8	1
1	8	0
1	8	4
10	3	10
10	3	11
10	3	7
1	8	1
1	8	0
1	8	4
5	12	5
5	12	4
5	12	8
3	10	3
3	10	2
3	10	6
14	7	14
14	7	15
1	8	1
14	7	11
1	8	0
1	8	4
7	14	7
1	8	1
7	14	6
1	8	0
7	14	10
1	8	4
8	1	8
8	1	9
8	1	5
12	5	12
12	5	13
12	5	9
12	5	9
12	5	9
12	5	9
12	5	9
5	12	5
3	10	3
5	12	4
3	10	2
5	12	8
3	10	6
1	8	1
1	8	0
14	7	14
1	8	4
14	7	15
1	8	4
1	8	4
14	7	11
1	8	4
1	8	4
1	8	4
1	8	4
12	5	12
12	5	13
12	5	9
12	5	12
12	5	13
1	8	1
12	5	9
1	8	0
1	8	4
12	5	12
12	5	13
12	5	9
5	12	5
5	12	4
5	12	8
12	5	12
12	5	13
12	5	9
7	14	7
7	14	6
7	14	10
3	10	3
3	10	2
3	10	6
1	8	1
3	10	6
3	10	6
7	14	7
1	8	0
7	14	6
1	8	4
7	14	6
7	14	6
7	14	6
7	14	6
7	14	6
7	14	6
7	14	6
7	14	6
7	14	6
7	14	6
8	1	8
7	14	6
7	14	6
8	1	9
7	14	6
8	1	5
7	14	6
7	14	10
8	1	8
8	1	9
8	1	5
10	3	10
10	3	11
10	3	7
5	12	5
5	12	4
5	12	8
1	8	1
1	8	0
1	8	4
1	8	4
1	8	4
1	8	4
1	8	4
1	8	4
1	8	4
1	8	4
1	8	4
1	8	4
1	8	1
1	8	0
1	8	0
1	8	4
1	8	4
10	3	10
7	14	7
10	3	11
7	14	6
10	3	7
7	14	10
12	5	12
12	5	13
12	5	9
10	3	10
10	3	11
10	3	7
3	10	3
3	10	2
3	10	6
7	14	7
7	14	6
7	14	10
3	10	3
3	10	2
3	10	6
7	14	7
7	14	6
7	14	6
7	14	6
7	14	6
7	14	6
7	14	6
7	14	6
7	14	6
7	14	6
7	14	6
7	14	6
7	14	6
7	14	10
8	1	8
8	1	9
8	1	5
12	5	12
12	5	13
12	5	9
12	5	9
12	5	9
12	5	9
12	5	9
12	5	12
12	5	13
12	5	9
12	5	9
7	14	7
7	14	6
7	14	10
5	12	5
5	12	4
5	12	8
7	14	7
7	14	6
10	3	10
7	14	10
10	3	11
10	3	7
5	12	5
5	12	4
5	12	8
3	10	3
3	10	2
3	10	6
10	3	10
10	3	11
10	3	7
10	3	10
10	3	11
10	3	7
10	3	10
10	3	11
10	3	7
12	5	12
12	5	13
12	5	9
12	5	12
12	5	13
12	5	9
12	5	12
12	5	13
12	5	9
1	8	1
1	8	0
1	8	4
12	5	12
12	5	13
5	12	5
12	5	9
5	12	4
5	12	8
5	12	5
5	12	4
5	12	8
5	12	5
14	7	14
5	12	4
14	7	15
5	12	8
10	3	10
14	7	11
10	3	11
10	3	11
10	3	11
10	3	11
10	3	11
10	3	11
10	3	11
10	3	11
10	3	11
5	12	5
7	14	7
10	3	11
10	3	11
14	7	14
5	12	4
7	14	6
10	3	11
10	3	11
14	7	15
5	12	8
7	14	10
10	3	11
14	7	11
10	3	11
10	3	11
10	3	11
10	3	11
10	3	11
10	3	11
10	3	11
10	3	11
10	3	11
10	3	11
10	3	11
10	3	11
10	3	11
10	3	11
10	3	11
10	3	11
10	3	11
10	3	7
10	3	10
10	3	10
10	3	11
10	3	11
10	3	7
5	12	5
5	12	4
5	12	8
8	1	8
8	1	9
3	10	3
8	1	5
3	10	2
3	10	6
3	10	3
3	10	2
3	10	6
1	8	1
1	8	0
1	8	4
7	14	7
7	14	6
7	14	10
1	8	1
1	8	0
10	3	10
1	8	4
10	3	11
10	3	7
10	3	10
10	3	11
10	3	7
12	5	12
12	5	13
12	5	9
5	12	5
5	12	4
5	12	8
3	10	3
3	10	2
3	10	6
10	3	10
10	3	11
10	3	7
3	10	3
3	10	2
3	10	6
5	12	5
5	12	4
5	12	8
14	7	14
14	7	15
5	12	5
14	7	11
5	12	4
5	12	8
12	5	12
12	5	13
12	5	9
5	12	5
5	12	4
5	12	8
12	5	12
12	5	13
12	5	9
12	5	12
12	5	13
7	14	7
12	5	9
7	14	6
10	3	10
7	14	10
10	3	11
10	3	7
1	8	1
1	8	0
3	10	3
3	10	2
1	8	4
3	10	6
10	3	10
10	3	11
3	10	3
10	3	7
3	10	2
12	5	12
3	10	6
12	5	13
12	5	9
12	5	12
12	5	13
12	5	9
3	10	3
3	10	2
3	10	6
8	1	8
8	1	9
8	1	9
8	1	9
8	1	9
8	1	5
10	3	10
8	1	8
10	3	11
10	3	7
8	1	9
8	1	9
8	1	5
3	10	3
3	10	2
3	10	6
12	5	12
12	5	13
12	5	9
14	7	14
14	7	15
14	7	11
8	1	8
8	1	9
8	1	5
14	7	14
1	8	1
14	7	15
1	8	0
14	7	11
1	8	4
12	5	12
12	5	13
12	5	9
12	5	9
7	14	7
7	14	6
7	14	10
7	14	7
7	14	6
7	14	10
8	1	8
3	10	3
5	12	5
8	1	9
3	10	2
5	12	4
8	1	5
3	10	6
5	12	8
3	10	6
3	10	6
3	10	6
7	14	7
3	10	6
3	10	6
7	14	6
7	14	6
7	14	6
7	14	6
7	14	6
14	7	14
7	14	6
7	14	6
14	7	15
7	14	6
7	14	6
14	7	11
7	14	6
7	14	6
3	10	3
7	14	6
7	14	6
3	10	2
7	14	6
7	14	6
3	10	6
7	14	6
3	10	6
7	14	6
7	14	6
7	14	6
7	14	6
7	14	6
7	14	6
7	14	6
7	14	6
7	14	6
7	14	6
7	14	6
7	14	6
7	14	6
7	14	6
7	14	6
7	14	6
7	14	6
7	14	10
14	7	14
14	7	15
14	7	11
8	1	8
3	10	3
8	1	9
3	10	2
8	1	5
3	10	6
3	10	6
3	10	6
14	7	14
14	7	15
14	7	11
10	3	10
10	3	11
10	3	7
12	5	12
12	5	13
12	5	9
14	7	14
14	7	15
14	7	11
3	10	3
3	10	2
8	1	8
3	10	6
10	3	10
8	1	9
10	3	11
8	1	5
10	3	7
1	8	1
7	14	7
14	7	14
1	8	0
7	14	6
14	7	15
1	8	4
7	14	6
7	14	6
14	7	11
7	14	6
14	7	11
7	14	6
14	7	11
7	14	6
8	1	8
14	7	11
7	14	6
14	7	11
8	1	9
14	7	11
7	14	10
14	7	11
8	1	5
3	10	3
10	3	10
3	10	2
10	3	11
3	10	6
10	3	7
12	5	12
12	5	13
12	5	9
3	10	3
3	10	2
3	10	6
1	8	1
1	8	0
1	8	4
8	1	8
8	1	9
8	1	5
1	8	1
1	8	0
1	8	4
1	8	1
1	8	0
7	14	7
1	8	4
7	14	6
7	14	10
12	5	12
12	5	13
12	5	9
10	3	10
10	3	11
10	3	7
8	1	8
8	1	9
8	1	5
14	7	14
14	7	15
14	7	11
5	12	5
5	12	4
5	12	8
7	14	7
3	10	3
7	14	6
3	10	2
7	14	10
3	10	6
3	10	6
1	8	1
3	10	6
3	10	6
1	8	0
3	10	6
3	10	6
1	8	4
3	10	6
3	10	6
3	10	6
3	10	6
3	10	6
3	10	6
3	10	6
3	10	6
5	12	5
5	12	4
5	12	8
5	12	5
5	12	4
5	12	8
5	12	5
5	12	4
5	12	8
5	12	5
5	12	4
1	8	1
5	12	8
1	8	0
3	10	3
1	8	4
1	8	4
3	10	2
1	8	4
1	8	4
1	8	4
3	10	6
1	8	4
1	8	4
1	8	4
1	8	4
8	1	8
1	8	4
1	8	4
8	1	9
8	1	5
1	8	1
1	8	0
14	7	14
1	8	4
14	7	15
14	7	11
1	8	1
1	8	0
1	8	4
14	7	14
14	7	15
14	7	11
5	12	5
5	12	4
5	12	8
8	1	8
12	5	12
8	1	9
12	5	13
3	10	3
8	1	5
12	5	9
3	10	2
12	5	9
12	5	9
3	10	6
12	5	9
12	5	9
12	5	9
12	5	9
12	5	9
12	5	9
12	5	9
12	5	9
12	5	9
12	5	9
12	5	9
14	7	14
14	7	15
14	7	11
5	12	5
12	5	12
5	12	4
12	5	13
5	12	8
12	5	9
7	14	7
7	14	6
7	14	10
3	10	3
3	10	2
3	10	6
12	5	12
3	10	6
3	10	6
12	5	13
3	10	6
3	10	6
12	5	9
3	10	6
3	10	6
3	10	6
12	5	12
12	5	13
12	5	9
8	1	8
8	1	9
8	1	9
8	1	9
12	5	12
8	1	9
8	1	9
12	5	13
8	1	9
12	5	9
8	1	9
8	1	9
8	1	9
8	1	9
8	1	9
8	1	9
8	1	9
8	1	9
8	1	9
8	1	9
8	1	9
8	1	9
8	1	9
12	5	12
8	1	9
8	1	9
12	5	13
8	1	9
12	5	9
8	1	9
8	1	9
8	1	9
8	1	9
8	1	9
8	1	9
8	1	9
8	1	9
8	1	9
8	1	9
8	1	9
8	1	9
8	1	9
8	1	9
8	1	9
8	1	9
8	1	9
8	1	5
3	10	3
8	1	8
3	10	2
8	1	8
3	10	6
8	1	9
8	1	9
1	8	1
5	12	5
8	1	5
1	8	0
5	12	4
1	8	4
5	12	8
1	8	4
8	1	8
1	8	4
8	1	8
1	8	4
1	8	4
1	8	4
1	8	4
1	8	4
1	8	4
1	8	4
1	8	4
8	1	9
1	8	4
8	1	9
1	8	4
1	8	4
8	1	5
1	8	4
10	3	10
10	3	11
10	3	7
1	8	1
1	8	0
1	8	4
10	3	10
3	10	3
8	1	8
10	3	11
3	10	2
10	3	7
8	1	9
8	1	5
3	10	6
10	3	10
14	7	14
10	3	11
14	7	15
10	3	7
14	7	11
14	7	11
14	7	11
14	7	11
14	7	11
14	7	11
14	7	11
14	7	11
14	7	11
14	7	11
14	7	11
14	7	11
10	3	10
14	7	11
14	7	11
14	7	11
10	3	11
10	3	11
10	3	11
10	3	11
10	3	11
10	3	11
10	3	11
10	3	11
10	3	11
10	3	11
10	3	11
10	3	11
10	3	11
8	1	8
10	3	11
10	3	11
8	1	9
10	3	11
10	3	11
8	1	5
10	3	7
10	3	10
10	3	10
10	3	11
10	3	11
14	7	14
10	3	7
14	7	15
14	7	11
14	7	11
14	7	11
14	7	11
14	7	11
14	7	11
14	7	11
14	7	11
14	7	11
14	7	11
14	7	11
14	7	11
7	14	7
7	14	6
7	14	10
10	3	10
12	5	12
10	3	11
12	5	13
10	3	7
12	5	9
5	12	5
5	12	4
5	12	8
10	3	10
3	10	3
10	3	11
3	10	2
10	3	7
3	10	6
3	10	3
3	10	2
3	10	6
1	8	1
5	12	5
1	8	0
5	12	4
1	8	4
5	12	8
1	8	4
1	8	4
1	8	4
1	8	4
1	8	4
1	8	4
1	8	4
1	8	4
1	8	4
1	8	4
1	8	4
1	8	4
5	12	5
1	8	4
1	8	4
5	12	4
5	12	4
5	12	4
5	12	4
5	12	4
5	12	4
5	12	4
5	12	4
5	12	4
5	12	4
12	5	12
5	12	4
5	12	4
12	5	13
5	12	4
5	12	4
12	5	9
5	12	4
3	10	3
5	12	4
5	12	4
3	10	2
5	12	8
3	10	6
12	5	12
12	5	13
12	5	9
1	8	1
1	8	0
1	8	4
7	14	7
7	14	6
5	12	5
7	14	10
5	12	4
5	12	4
5	12	4
5	12	4
5	12	4
5	12	8
1	8	1
1	8	0
1	8	4
5	12	5
5	12	4
5	12	4
5	12	8
8	1	8
8	1	9
8	1	5
12	5	12
12	5	13
12	5	9
3	10	3
3	10	2
3	10	6
14	7	14
14	7	15
14	7	11
3	10	3
10	3	10
3	10	2
10	3	11
10	3	11
3	10	6
10	3	11
10	3	11
10	3	11
10	3	11
10	3	11
10	3	11
10	3	7
3	10	3
3	10	2
3	10	6
5	12	5
5	12	4
5	12	8
3	10	3
3	10	2
3	10	6
1	8	1
1	8	0
1	8	4
7	14	7
12	5	12
7	14	6
12	5	13
12	5	9
7	14	10
12	5	12
12	5	13
12	5	9
7	14	7
7	14	6
7	14	10
1	8	1
1	8	0
1	8	4
8	1	8
8	1	9
8	1	5
12	5	12
12	5	13
12	5	9
14	7	14
14	7	15
14	7	11
7	14	7
7	14	6
8	1	8
7	14	10
8	1	9
8	1	5
8	1	8
8	1	9
8	1	5
8	1	8
8	1	9
8	1	5
14	7	14
14	7	15
14	7	11
5	12	5
5	12	4
5	12	8
1	8	1
1	8	0
1	8	4
1	8	4
1	8	4
8	1	8
8	1	9
8	1	5
3	10	3
3	10	2
3	10	6
5	12	5
5	12	4
5	12	8
14	7	14
14	7	15
14	7	11
10	3	10
10	3	11
10	3	11
10	3	11
10	3	11
10	3	11
10	3	11
10	3	11
10	3	11
10	3	11
10	3	11
10	3	11
10	3	11
10	3	11
10	3	7
10	3	10
10	3	10
10	3	11
10	3	11
10	3	7
3	10	3
3	10	2
3	10	6
1	8	1
1	8	0
10	3	10
1	8	4
10	3	11
10	3	7
3	10	3
3	10	2
3	10	6
14	7	14
14	7	15
14	7	11
14	7	14
14	7	15
14	7	11
14	7	14
5	12	5
14	7	15
5	12	4
14	7	11
5	12	8
7	14	7
7	14	6
7	14	10
5	12	5
5	12	4
5	12	8
10	3	10
10	3	11
10	3	7
12	5	12
12	5	13
12	5	9
12	5	12
12	5	13
12	5	9
14	7	14
7	14	7
14	7	15
7	14	6
14	7	11
7	14	10
10	3	10
10	3	11
10	3	7
12	5	12
12	5	13
12	5	9
10	3	10
10	3	11
10	3	7
7	14	7
7	14	6
7	14	10
1	8	1
1	8	0
1	8	4
3	10	3
3	10	2
3	10	6
5	12	5
5	12	4
5	12	8
12	5	12
12	5	13
12	5	9
12	5	12
12	5	13
12	5	9
8	1	8
8	1	9
8	1	9
8	1	9
8	1	9
8	1	9
8	1	9
8	1	9
8	1	9
8	1	9
8	1	9
8	1	9
8	1	9
12	5	12
8	1	5
12	5	13
12	5	9
12	5	9
12	5	9
12	5	9
12	5	9
7	14	7
12	5	9
12	5	9
7	14	6
12	5	9
12	5	9
12	5	9
7	14	10
12	5	9
12	5	9
12	5	12
12	5	13
7	14	7
7	14	6
12	5	9
12	5	9
7	14	10
14	7	14
14	7	15
10	3	10
14	7	11
10	3	11
10	3	11
10	3	11
10	3	11
10	3	11
8	1	8
10	3	11
10	3	11
8	1	9
10	3	11
10	3	11
8	1	5
10	3	11
10	3	11
14	7	14
10	3	11
10	3	11
14	7	15
10	3	11
14	7	11
10	3	11
10	3	11
10	3	11
10	3	11
10	3	11
10	3	11
10	3	11
10	3	11
10	3	11
10	3	11
10	3	11
10	3	11
10	3	11
10	3	11
10	3	11
10	3	11
10	3	11
10	3	7
7	14	7
7	14	6
7	14	10
1	8	1
8	1	8
10	3	10
1	8	0
8	1	9
10	3	11
1	8	4
8	1	5
10	3	7
1	8	1
1	8	0
1	8	4
12	5	12
12	5	13
12	5	9
3	10	3
3	10	2
3	10	6
3	10	3
3	10	2
3	10	6
1	8	1
1	8	0
1	8	4
1	8	1
1	8	0
1	8	4
12	5	12
12	5	13
12	5	9
12	5	12
12	5	13
12	5	9
10	3	10
10	3	11
10	3	7
12	5	12
12	5	13
12	5	9
1	8	1
1	8	0
14	7	14
1	8	4
14	7	15
12	5	12
14	7	11
12	5	13
12	5	9
10	3	10
10	3	11
10	3	11
10	3	11
10	3	11
10	3	11
10	3	11
10	3	11
10	3	11
10	3	11
10	3	11
10	3	11
10	3	11
10	3	7
3	10	3
3	10	2
3	10	6
5	12	5
5	12	4
5	12	8
10	3	10
10	3	11
10	3	7
5	12	5
5	12	4
5	12	8
14	7	14
14	7	15
12	5	12
14	7	11
14	7	11
12	5	13
7	14	7
14	7	11
12	5	9
14	7	11
7	14	6
14	7	11
14	7	11
7	14	10
8	1	8
8	1	9
8	1	9
8	1	9
8	1	9
8	1	9
8	1	5
8	1	8
8	1	9
8	1	5
8	1	8
1	8	1
8	1	9
1	8	0
8	1	5
1	8	4
7	14	7
7	14	6
7	14	10
8	1	8
8	1	9
8	1	5
14	7	14
14	7	15
14	7	11
8	1	8
8	1	9
3	10	3
8	1	5
3	10	2
3	10	6
14	7	14
14	7	15
8	1	8
14	7	11
8	1	9
8	1	5
14	7	14
14	7	15
14	7	11
14	7	14
14	7	15
14	7	11
3	10	3
3	10	2
7	14	7
3	10	6
7	14	6
7	14	6
7	14	6
7	14	6
7	14	6
7	14	6
14	7	14
7	14	6
7	14	6
14	7	15
7	14	6
7	14	6
14	7	11
7	14	6
7	14	6
7	14	6
7	14	6
7	14	6
7	14	6
7	14	6
7	14	10
12	5	12
12	5	13
12	5	9
10	3	10
10	3	11
10	3	7
12	5	12
12	5	13
12	5	9
5	12	5
5	12	4
5	12	8
12	5	12
12	5	13
12	5	9
12	5	12
12	5	13
12	5	9
12	5	12
12	5	13
5	12	5
12	5	9
5	12	4
5	12	8
12	5	12
12	5	13
12	5	9
3	10	3
3	10	2
3	10	6
10	3	10
14	7	14
10	3	11
14	7	15
10	3	7
14	7	11
14	7	11
14	7	11
14	7	11
14	7	11
14	7	11
3	10	3
14	7	11
14	7	11
3	10	2
14	7	11
14	7	11
3	10	6
14	7	11
10	3	10
14	7	11
14	7	11
14	7	11
10	3	11
10	3	11
10	3	11
10	3	11
10	3	11
10	3	11
10	3	11
10	3	11
10	3	11
3	10	3
10	3	11
10	3	11
3	10	2
8	1	8
10	3	11
10	3	11
3	10	6
8	1	9
10	3	11
10	3	11
8	1	5
10	3	11
10	3	11
10	3	7
3	10	3
3	10	2
3	10	6
5	12	5
5	12	4
5	12	8
8	1	8
8	1	9
8	1	5
12	5	12
12	5	13
12	5	9
12	5	9
12	5	9
12	5	9
12	5	9
12	5	9
12	5	9
8	1	8
8	1	9
8	1	9
8	1	9
8	1	9
8	1	9
1	8	1
8	1	9
8	1	9
1	8	0
8	1	9
8	1	9
1	8	4
8	1	9
8	1	9
8	1	9
8	1	9
8	1	9
8	1	5
10	3	10
10	3	11
1	8	1
10	3	7
1	8	0
1	8	4
3	10	3
3	10	2
3	10	6
Noxim simulation completed.
 ( 11000 cycles executed)
GlobalStats initialised

detailed = [
%  src  dst delay avg delay max     throughput       energy    received    received
%              cycles    cycles    flits/cycle        Joule     packets       flits
     0    0   2.79798        17      0.0786157           -1          99         786
% Aggregated average delay (cycles): 2.79798
% Aggregated average throughput (flits/cycle): 0.0786157
%  src  dst delay avg delay max     throughput       energy    received    received
%              cycles    cycles    flits/cycle        Joule     packets       flits
     8    1   13.3404        55      0.0755323           -1          94         752
% Aggregated average delay (cycles): 13.3404
% Aggregated average throughput (flits/cycle): 0.0755323
%  src  dst delay avg delay max     throughput       energy    received    received
%              cycles    cycles    flits/cycle        Joule     packets       flits
     2    2   3.25581        19      0.0703636           -1          86         689
% Aggregated average delay (cycles): 3.25581
% Aggregated average throughput (flits/cycle): 0.0703636
%  src  dst delay avg delay max     throughput       energy    received    received
%              cycles    cycles    flits/cycle        Joule     packets       flits
    10    3   15.2614        85      0.0704493           -1          88         704
% Aggregated average delay (cycles): 15.2614
% Aggregated average throughput (flits/cycle): 0.0704493
%  src  dst delay avg delay max     throughput       energy    received    received
%              cycles    cycles    flits/cycle        Joule     packets       flits
     4    4   3.33333        17      0.0770388           -1          96         768
% Aggregated average delay (cycles): 3.33333
% Aggregated average throughput (flits/cycle): 0.0770388
%  src  dst delay avg delay max     throughput       energy    received    received
%              cycles    cycles    flits/cycle        Joule     packets       flits
    12    5     12.44        51      0.0804991           -1         100         800
% Aggregated average delay (cycles): 12.44
% Aggregated average throughput (flits/cycle): 0.0804991
%  src  dst delay avg delay max     throughput       energy    received    received
%              cycles    cycles    flits/cycle        Joule     packets       flits
     6    6   3.80952        35      0.0672067           -1          84         672
% Aggregated average delay (cycles): 3.80952
% Aggregated average throughput (flits/cycle): 0.0672067
%  src  dst delay avg delay max     throughput       energy    received    received
%              cycles    cycles    flits/cycle        Joule     packets       flits
    14    7   12.1429        57      0.0737738           -1          91         728
% Aggregated average delay (cycles): 12.1429
% Aggregated average throughput (flits/cycle): 0.0737738
%  src  dst delay avg delay max     throughput       energy    received    received
%              cycles    cycles    flits/cycle        Joule     packets       flits
     1    8   10.5851        24      0.0752301           -1          94         752
% Aggregated average delay (cycles): 10.5851
% Aggregated average throughput (flits/cycle): 0.0752301
%  src  dst delay avg delay max     throughput       energy    received    received
%              cycles    cycles    flits/cycle        Joule     packets       flits
     9    9   3.78667        20      0.0620925           -1          75         600
% Aggregated average delay (cycles): 3.78667
% Aggregated average throughput (flits/cycle): 0.0620925
%  src  dst delay avg delay max     throughput       energy    received    received
%              cycles    cycles    flits/cycle        Joule     packets       flits
     3   10    11.495        33      0.0805161           -1         101         805
% Aggregated average delay (cycles): 11.495
% Aggregated average throughput (flits/cycle): 0.0805161
%  src  dst delay avg delay max     throughput       energy    received    received
%              cycles    cycles    flits/cycle        Joule     packets       flits
    11   11   3.51111        31      0.0733571           -1          90         720
% Aggregated average delay (cycles): 3.51111
% Aggregated average throughput (flits/cycle): 0.0733571
%  src  dst delay avg delay max     throughput       energy    received    received
%              cycles    cycles    flits/cycle        Joule     packets       flits
     5   12   12.8588        56      0.0686522           -1          85         680
% Aggregated average delay (cycles): 12.8588
% Aggregated average throughput (flits/cycle): 0.0686522
%  src  dst delay avg delay max     throughput       energy    received    received
%              cycles    cycles    flits/cycle        Joule     packets       flits
    13   13      2.88        15      0.0628404           -1          75         600
% Aggregated average delay (cycles): 2.88
% Aggregated average throughput (flits/cycle): 0.0628404
%  src  dst delay avg delay max     throughput       energy    received    received
%              cycles    cycles    flits/cycle        Joule     packets       flits
     7   14   11.2805        49      0.0674273           -1          82         656
% Aggregated average delay (cycles): 11.2805
% Aggregated average throughput (flits/cycle): 0.0674273
%  src  dst delay avg delay max     throughput       energy    received    received
%              cycles    cycles    flits/cycle        Joule     packets       flits
    15   15   2.97619        21      0.0683552           -1          84         672
% Aggregated average delay (cycles): 2.97619
% Aggregated average throughput (flits/cycle): 0.0683552
];

max_delay = [
       17    55    19    85
       17    51    35    57
       24    20    33    31
       56    15    49    21
];

routed_flits = [
          848         0       895         0
         1584       840      1638       768
          736      1712       744      1592
            0       872         0       824
];
power_dynamic = [
	0.000000e+00	 % antenna_buffer_front_pwr_d
	0.000000e+00	 % antenna_buffer_pop_pwr_d
	0.000000e+00	 % antenna_buffer_push_pwr_d
	0.000000e+00	 % buffer_from_tile_front_pwr_d
	0.000000e+00	 % buffer_from_tile_pop_pwr_d
	0.000000e+00	 % buffer_from_tile_push_pwr_d
	0.000000e+00	 % buffer_front_pwr_d
	1.724820e-08	 % buffer_pop_pwr_d
	2.461641e-08	 % buffer_push_pwr_d
	0.000000e+00	 % buffer_to_tile_front_pwr_d
	0.000000e+00	 % buffer_to_tile_pop_pwr_d
	0.000000e+00	 % buffer_to_tile_push_pwr_d
	7.138300e-09	 % crossbar_pwr_d
	0.000000e+00	 % link_r2h_pwr_d
	5.043968e-08	 % link_r2r_pwr_d
	1.073695e-08	 % ni_pwr_d
	2.358600e-10	 % routing_pwr_d
	1.965500e-10	 % selection_pwr_d
	0.000000e+00	 % wireless_dynamic_rx_pwr
	0.000000e+00	 % wireless_snooping
	0.000000e+00	 % wireless_tx
];
power_static = [
	0.000000e+00	 % antenna_buffer_pwr_s
	0.000000e+00	 % buffer_from_tile_pwr_s
	1.816000e-06	 % buffer_router_pwr_s
	0.000000e+00	 % buffer_to_tile_pwr_s
	1.198400e-07	 % crossbar_pwr_s
	2.611200e-09	 % link_r2h_pwr_s
	1.382400e-07	 % ni_pwr_s
	1.920000e-08	 % routing_pwr_s
	1.760000e-08	 % selection_pwr_s
	0.000000e+00	 % transceiver_rx_pwr_biasing
	0.000000e+00	 % transceiver_rx_pwr_s
	0.000000e+00	 % transceiver_tx_pwr_biasing
	0.000000e+00	 % transceiver_tx_pwr_s
];
wirxsleep_stats = [
%	Total Sleep Cycles (T), antenna BufferRX sleep cycles (ARX), BufferToTile sleep cycles (TTRX) 
%	HUB	T	ARX	TTRX	
	0	0.00	-nan	-nan
	1	0.00	-nan	-nan
	2	0.00	-nan	-nan
	3	0.00	-nan	-nan
];
% Total received packets: 1424
% Total received flits: 11384
% Global average delay (cycles): 7.99368
% Global average throughput (flits/cycle): 0.0719969
% Throughput (flits/cycle/IP): 0.0790556
% Max delay (cycles): 85
% Total energy (J): 2.2241e-06
% 	Dynamic energy (J): 1.10612e-07
% 	Static energy (J): 2.11349e-06
