
		Noxim - the NoC Simulator
		(C) University of Catania

Loading configuration from file conf4x4.yaml
configuring hub : startss 
configuring hub : ends 
configuring channels : start 
configuring channels : ends 
configuring power : starts 
configuring power : sends 
Global Routing Table created 
GlobalTrafficTable created
NoC constructor called
NoC::buildMesh invoked
Channel  created
Hub: 1
Hub: 2
Hub: 3
Hub: 4
RoutingAlgorithms::get XY
Initialising router
RoutingAlgorithms::get XY
Initialising router
RoutingAlgorithms::get XY
Initialising router
RoutingAlgorithms::get XY
Initialising router
RoutingAlgorithms::get XY
Initialising router
RoutingAlgorithms::get XY
Initialising router
RoutingAlgorithms::get XY
Initialising router
RoutingAlgorithms::get XY
Initialising router
RoutingAlgorithms::get XY
Initialising router
RoutingAlgorithms::get XY
Initialising router
RoutingAlgorithms::get XY
Initialising router
RoutingAlgorithms::get XY
Initialising router
RoutingAlgorithms::get XY
Initialising router
RoutingAlgorithms::get XY
Initialising router
RoutingAlgorithms::get XY
Initialising router
RoutingAlgorithms::get XY
Initialising router
Reset...

Info: (I702) default timescale unit used for tracing: 1 ps (trace_1.vcd)
 done! Now running for 10000 cycles...
10	3	10
1	8	1
10	3	11
14	7	14
1	8	0
10	3	7
14	7	15
1	8	4
14	7	11
14	7	11
14	7	11
14	7	11
14	7	11
14	7	11
14	7	11
14	7	11
14	7	11
14	7	11
14	7	11
14	7	11
14	7	11
14	7	14
14	7	15
8	1	8
8	1	9
14	7	11
14	7	11
8	1	5
14	7	14
14	7	15
7	14	7
14	7	11
14	7	11
7	14	6
7	14	10
1	8	1
3	10	3
1	8	0
3	10	2
1	8	4
3	10	6
3	10	6
3	10	6
3	10	6
10	3	10
10	3	11
10	3	7
8	1	8
8	1	9
3	10	3
8	1	5
3	10	2
3	10	6
12	5	12
12	5	13
12	5	9
5	12	5
5	12	4
5	12	8
12	5	12
7	14	7
12	5	13
5	12	5
7	14	6
12	5	9
5	12	4
7	14	10
5	12	8
14	7	14
14	7	15
14	7	11
7	14	7
7	14	6
14	7	14
7	14	10
14	7	15
1	8	1
14	7	11
1	8	0
1	8	4
14	7	14
14	7	15
1	8	1
14	7	11
1	8	0
3	10	3
1	8	4
3	10	2
3	10	6
3	10	3
3	10	2
1	8	1
3	10	6
1	8	0
1	8	4
3	10	3
5	12	5
3	10	2
5	12	4
14	7	14
5	12	4
5	12	4
3	10	6
14	7	15
5	12	4
5	12	4
14	7	11
5	12	4
5	12	4
5	12	8
5	12	5
14	7	14
14	7	15
14	7	11
5	12	4
5	12	4
5	12	8
3	10	3
3	10	2
3	10	6
5	12	5
5	12	4
5	12	8
3	10	3
3	10	2
3	10	6
12	5	12
12	5	13
12	5	9
3	10	3
3	10	2
3	10	6
10	3	10
10	3	11
10	3	7
8	1	8
8	1	9
8	1	5
12	5	12
12	5	13
12	5	9
12	5	9
12	5	9
12	5	9
12	5	9
12	5	9
12	5	9
12	5	9
12	5	12
12	5	13
12	5	9
12	5	9
14	7	14
14	7	15
14	7	11
8	1	8
10	3	10
14	7	14
8	1	9
10	3	11
10	3	11
14	7	15
8	1	5
10	3	11
10	3	11
14	7	11
14	7	11
10	3	7
14	7	11
5	12	5
14	7	11
14	7	11
5	12	4
14	7	11
14	7	11
1	8	1
5	12	8
14	7	11
14	7	11
1	8	0
14	7	11
7	14	7
14	7	11
1	8	4
14	7	11
1	8	4
7	14	6
14	7	11
1	8	4
14	7	11
1	8	4
7	14	10
14	7	11
1	8	4
14	7	11
1	8	4
14	7	11
1	8	4
1	8	4
1	8	4
1	8	4
1	8	4
7	14	7
10	3	10
3	10	3
7	14	6
10	3	11
10	3	11
3	10	2
7	14	10
10	3	11
10	3	11
3	10	6
10	3	11
3	10	6
3	10	6
10	3	7
3	10	6
3	10	6
3	10	6
3	10	6
3	10	6
3	10	6
3	10	6
3	10	6
7	14	7
3	10	6
3	10	6
7	14	6
7	14	6
7	14	6
7	14	6
7	14	6
7	14	6
7	14	6
7	14	6
7	14	6
7	14	6
7	14	6
14	7	14
7	14	6
7	14	6
14	7	15
7	14	6
7	14	6
14	7	11
7	14	6
5	12	5
7	14	6
5	12	4
7	14	10
5	12	8
12	5	12
12	5	13
12	5	9
12	5	12
12	5	13
12	5	9
12	5	12
12	5	13
12	5	9
10	3	10
10	3	11
10	3	7
14	7	14
14	7	15
14	7	11
14	7	11
3	10	3
3	10	2
3	10	6
14	7	14
14	7	15
14	7	11
3	10	3
3	10	2
3	10	6
12	5	12
7	14	7
12	5	13
7	14	6
7	14	6
12	5	9
7	14	6
7	14	6
7	14	6
7	14	6
7	14	6
14	7	14
7	14	6
14	7	15
7	14	10
14	7	11
10	3	10
10	3	11
10	3	11
10	3	11
10	3	11
10	3	11
10	3	11
10	3	11
10	3	11
10	3	11
10	3	7
5	12	5
10	3	10
5	12	4
10	3	10
5	12	8
10	3	11
10	3	11
10	3	7
5	12	5
5	12	4
8	1	8
5	12	8
14	7	14
8	1	9
14	7	15
8	1	5
14	7	11
14	7	11
1	8	1
14	7	14
1	8	0
14	7	15
1	8	4
14	7	11
8	1	8
8	1	9
8	1	5
3	10	3
14	7	14
3	10	2
14	7	15
3	10	6
14	7	11
14	7	14
14	7	15
3	10	3
14	7	11
3	10	2
3	10	6
3	10	3
1	8	1
3	10	2
1	8	0
5	12	5
3	10	6
1	8	4
5	12	4
5	12	4
5	12	4
5	12	4
5	12	4
5	12	4
5	12	4
5	12	4
5	12	4
5	12	4
8	1	8
5	12	4
5	12	4
8	1	9
5	12	4
5	12	4
8	1	5
5	12	4
5	12	4
5	12	4
5	12	8
14	7	14
14	7	15
14	7	11
8	1	8
8	1	9
8	1	5
5	12	5
5	12	4
5	12	8
1	8	1
1	8	0
1	8	4
1	8	4
1	8	4
14	7	14
14	7	15
8	1	8
14	7	11
8	1	9
8	1	5
14	7	14
7	14	7
14	7	15
7	14	6
14	7	11
7	14	10
3	10	3
3	10	2
3	10	6
3	10	6
3	10	6
3	10	6
3	10	6
1	8	1
1	8	0
7	14	7
1	8	4
3	10	3
7	14	6
3	10	2
7	14	10
3	10	6
3	10	6
3	10	6
14	7	14
3	10	6
3	10	6
14	7	15
3	10	6
3	10	6
14	7	11
1	8	1
3	10	6
3	10	6
1	8	0
3	10	6
12	5	12
3	10	6
7	14	7
1	8	4
3	10	6
12	5	13
3	10	6
7	14	6
7	14	6
12	5	9
7	14	6
7	14	6
7	14	6
7	14	6
7	14	6
7	14	6
7	14	6
7	14	6
7	14	6
7	14	6
7	14	6
7	14	6
7	14	6
7	14	6
7	14	6
7	14	10
10	3	10
10	3	11
10	3	7
3	10	3
3	10	2
3	10	6
8	1	8
8	1	9
8	1	5
12	5	12
12	5	13
12	5	9
12	5	9
12	5	9
12	5	9
12	5	9
12	5	9
12	5	9
5	12	5
12	5	9
12	5	9
5	12	4
5	12	8
8	1	8
8	1	9
8	1	9
8	1	9
8	1	9
8	1	9
8	1	9
5	12	5
8	1	9
8	1	9
1	8	1
5	12	4
8	1	5
1	8	0
5	12	8
1	8	4
1	8	4
1	8	4
1	8	4
1	8	4
1	8	4
1	8	4
1	8	4
1	8	4
1	8	4
12	5	12
1	8	4
1	8	4
12	5	13
1	8	4
12	5	9
10	3	10
10	3	11
10	3	7
12	5	12
12	5	13
12	5	9
14	7	14
14	7	15
14	7	11
10	3	10
14	7	14
10	3	11
14	7	15
10	3	7
14	7	11
14	7	11
14	7	11
14	7	11
14	7	11
14	7	11
14	7	11
14	7	11
3	10	3
14	7	11
14	7	11
3	10	2
14	7	11
14	7	11
3	10	6
14	7	11
14	7	11
5	12	5
5	12	4
5	12	8
3	10	3
3	10	2
3	10	6
7	14	7
7	14	6
7	14	10
10	3	10
10	3	11
10	3	7
3	10	3
3	10	2
3	10	6
5	12	5
5	12	4
5	12	8
7	14	7
7	14	6
10	3	10
3	10	3
7	14	6
7	14	6
10	3	11
3	10	2
7	14	6
7	14	6
10	3	7
3	10	6
7	14	6
7	14	6
7	14	6
7	14	6
7	14	6
7	14	6
7	14	6
7	14	6
7	14	6
7	14	6
7	14	6
7	14	6
7	14	6
7	14	6
7	14	6
7	14	6
3	10	3
7	14	6
3	10	2
7	14	10
3	10	6
3	10	6
3	10	6
7	14	7
3	10	6
7	14	7
3	10	6
3	10	6
3	10	6
3	10	6
3	10	6
3	10	6
3	10	6
3	10	6
7	14	6
3	10	6
7	14	6
7	14	6
7	14	6
7	14	6
7	14	6
7	14	6
3	10	3
7	14	6
7	14	6
3	10	2
7	14	6
7	14	6
7	14	6
7	14	6
7	14	6
7	14	6
7	14	6
3	10	6
7	14	6
3	10	6
7	14	6
10	3	10
7	14	6
7	14	6
10	3	11
7	14	6
7	14	6
10	3	7
7	14	6
7	14	6
7	14	6
7	14	6
7	14	6
7	14	6
7	14	6
7	14	6
7	14	6
7	14	6
7	14	6
7	14	6
7	14	10
12	5	12
7	14	7
12	5	13
7	14	7
12	5	9
7	14	6
7	14	6
7	14	10
8	1	8
8	1	9
8	1	5
10	3	10
10	3	11
10	3	7
7	14	7
7	14	6
7	14	10
7	14	7
7	14	6
7	14	10
14	7	14
3	10	3
14	7	15
3	10	2
14	7	11
3	10	6
7	14	7
7	14	6
7	14	10
7	14	7
7	14	6
7	14	10
3	10	3
3	10	2
3	10	6
3	10	6
3	10	6
3	10	6
3	10	6
7	14	7
3	10	6
3	10	6
7	14	6
5	12	5
7	14	6
7	14	6
5	12	4
7	14	6
7	14	6
7	14	6
5	12	8
7	14	6
7	14	6
7	14	6
7	14	6
7	14	6
7	14	6
7	14	6
7	14	6
7	14	6
7	14	6
7	14	6
7	14	10
7	14	7
7	14	7
8	1	8
8	1	9
8	1	5
7	14	6
1	8	1
7	14	6
1	8	0
7	14	10
1	8	4
3	10	3
8	1	8
1	8	1
3	10	2
8	1	9
1	8	0
8	1	5
3	10	6
1	8	4
12	5	12
12	5	13
7	14	7
12	5	9
7	14	6
12	5	9
3	10	3
7	14	6
12	5	9
7	14	6
12	5	9
1	8	1
3	10	2
5	12	5
7	14	6
12	5	9
7	14	6
8	1	8
1	8	0
5	12	4
3	10	6
7	14	6
5	12	4
7	14	6
8	1	9
1	8	4
5	12	4
7	14	6
8	1	9
5	12	4
7	14	6
8	1	9
5	12	4
7	14	6
8	1	9
5	12	4
7	14	6
8	1	9
5	12	4
7	14	6
8	1	9
5	12	4
7	14	6
8	1	9
5	12	4
7	14	6
8	1	9
5	12	4
7	14	6
8	1	9
5	12	4
7	14	6
8	1	9
5	12	4
7	14	6
8	1	9
5	12	4
7	14	6
8	1	9
5	12	4
7	14	6
8	1	9
1	8	1
5	12	4
7	14	6
8	1	9
5	12	4
7	14	6
1	8	0
5	12	4
8	1	5
7	14	6
5	12	4
12	5	12
1	8	4
5	12	4
7	14	10
5	12	4
12	5	13
5	12	4
8	1	8
5	12	4
8	1	8
12	5	9
5	12	4
7	14	7
12	5	9
5	12	4
7	14	7
12	5	9
5	12	4
12	5	9
5	12	4
12	5	9
5	12	4
12	5	9
5	12	4
12	5	9
5	12	4
12	5	9
5	12	4
12	5	9
8	1	9
5	12	4
12	5	9
8	1	9
5	12	4
7	14	6
8	1	9
5	12	4
7	14	6
8	1	9
5	12	4
8	1	9
5	12	4
8	1	9
7	14	10
8	1	9
5	12	8
8	1	9
8	1	9
8	1	9
8	1	9
5	12	5
8	1	9
5	12	5
8	1	9
8	1	9
8	1	9
8	1	9
8	1	9
8	1	9
8	1	5
5	12	4
5	12	4
8	1	8
5	12	8
8	1	8
8	1	9
1	8	1
8	1	9
1	8	0
8	1	5
1	8	4
8	1	8
8	1	8
8	1	9
8	1	9
8	1	5
12	5	12
5	12	5
12	5	13
5	12	4
12	5	9
12	5	9
5	12	8
12	5	9
1	8	1
12	5	12
1	8	0
12	5	13
1	8	4
5	12	5
1	8	4
5	12	4
12	5	9
5	12	4
12	5	9
5	12	4
5	12	4
5	12	4
5	12	4
5	12	4
5	12	4
5	12	4
5	12	4
14	7	14
5	12	4
5	12	4
14	7	15
5	12	4
5	12	4
14	7	11
5	12	4
7	14	7
5	12	4
7	14	6
5	12	8
7	14	10
7	14	7
7	14	6
7	14	10
10	3	10
10	3	11
7	14	7
10	3	7
7	14	6
7	14	10
12	5	12
12	5	13
12	5	9
8	1	8
8	1	9
8	1	9
8	1	9
8	1	9
8	1	9
8	1	9
8	1	9
8	1	9
8	1	9
8	1	9
8	1	9
8	1	9
8	1	9
8	1	5
3	10	3
3	10	2
3	10	6
14	7	14
14	7	15
10	3	10
14	7	11
10	3	11
10	3	11
10	3	11
10	3	11
10	3	11
10	3	11
10	3	11
10	3	11
10	3	11
10	3	11
10	3	11
10	3	11
10	3	11
10	3	11
10	3	11
10	3	11
10	3	7
5	12	5
5	12	4
10	3	10
10	3	10
5	12	8
10	3	11
10	3	11
10	3	7
5	12	5
10	3	10
5	12	4
10	3	10
7	14	7
5	12	8
7	14	6
7	14	10
10	3	11
10	3	11
10	3	7
5	12	5
10	3	10
5	12	4
10	3	10
5	12	8
1	8	1
10	3	11
1	8	0
10	3	11
1	8	4
10	3	7
1	8	4
1	8	4
1	8	4
5	12	5
1	8	4
1	8	4
5	12	4
5	12	4
5	12	4
5	12	4
10	3	10
5	12	4
5	12	4
5	12	4
1	8	1
5	12	4
5	12	4
10	3	11
1	8	0
5	12	4
10	3	11
5	12	4
5	12	4
10	3	7
5	12	4
5	12	4
5	12	4
1	8	4
5	12	4
1	8	4
5	12	4
5	12	4
5	12	4
5	12	4
5	12	4
5	12	4
5	12	4
1	8	1
5	12	4
5	12	4
1	8	0
5	12	4
5	12	4
5	12	4
5	12	4
5	12	4
5	12	4
1	8	4
5	12	4
1	8	4
5	12	4
5	12	4
5	12	4
5	12	4
5	12	4
12	5	12
5	12	4
5	12	4
12	5	13
1	8	1
5	12	4
5	12	4
12	5	9
1	8	0
5	12	4
5	12	4
5	12	4
5	12	4
5	12	4
5	12	4
5	12	4
1	8	4
1	8	4
5	12	4
7	14	7
5	12	4
5	12	4
7	14	6
5	12	4
5	12	4
7	14	10
5	12	4
5	12	4
5	12	4
5	12	4
5	12	4
5	12	4
5	12	4
5	12	4
5	12	4
5	12	4
5	12	4
5	12	4
7	14	7
7	14	6
5	12	8
7	14	10
5	12	5
5	12	5
5	12	4
5	12	4
5	12	8
5	12	5
5	12	4
5	12	4
1	8	1
5	12	8
1	8	0
1	8	4
1	8	4
1	8	4
1	8	4
1	8	4
1	8	4
1	8	4
1	8	4
1	8	4
1	8	4
1	8	4
1	8	4
10	3	10
10	3	11
10	3	7
14	7	14
14	7	15
14	7	11
14	7	11
14	7	11
14	7	11
14	7	11
14	7	11
14	7	11
14	7	11
14	7	11
14	7	11
1	8	1
1	8	0
1	8	4
14	7	14
14	7	15
14	7	11
3	10	3
3	10	2
3	10	6
14	7	14
12	5	12
14	7	15
12	5	13
14	7	11
12	5	9
5	12	5
7	14	7
5	12	4
7	14	6
8	1	8
12	5	12
5	12	8
8	1	9
7	14	10
12	5	13
8	1	9
12	5	9
8	1	9
8	1	9
8	1	9
8	1	9
8	1	9
8	1	9
8	1	9
8	1	9
8	1	9
8	1	9
14	7	14
7	14	7
8	1	9
8	1	9
14	7	15
7	14	6
8	1	9
8	1	9
14	7	11
8	1	9
7	14	10
8	1	9
8	1	9
8	1	5
12	5	12
8	1	8
12	5	13
12	5	9
8	1	9
8	1	9
8	1	9
8	1	9
8	1	9
8	1	9
8	1	9
8	1	9
8	1	9
8	1	9
8	1	9
8	1	9
8	1	9
8	1	9
8	1	9
8	1	9
8	1	9
8	1	5
12	5	12
12	5	13
12	5	9
5	12	5
5	12	4
8	1	8
5	12	8
8	1	9
8	1	5
3	10	3
3	10	2
3	10	6
14	7	14
8	1	8
14	7	15
8	1	9
14	7	11
8	1	5
14	7	14
14	7	15
14	7	11
1	8	1
1	8	0
1	8	4
8	1	8
8	1	9
8	1	5
10	3	10
12	5	12
10	3	11
12	5	13
10	3	7
12	5	9
12	5	12
12	5	13
12	5	9
8	1	8
14	7	14
8	1	9
14	7	15
8	1	5
14	7	11
10	3	10
10	3	11
10	3	7
12	5	12
12	5	13
12	5	9
5	12	5
5	12	4
5	12	8
7	14	7
7	14	6
7	14	10
8	1	8
8	1	9
14	7	14
8	1	5
14	7	15
14	7	11
12	5	12
12	5	13
5	12	5
12	5	9
5	12	4
5	12	8
3	10	3
3	10	2
3	10	6
10	3	10
10	3	11
10	3	7
10	3	10
10	3	11
10	3	7
12	5	12
12	5	13
12	5	9
8	1	8
8	1	9
8	1	5
1	8	1
10	3	10
1	8	0
10	3	11
1	8	4
10	3	7
8	1	8
8	1	9
8	1	5
3	10	3
3	10	2
3	10	6
12	5	12
12	5	13
12	5	9
5	12	5
5	12	4
5	12	8
3	10	3
10	3	10
1	8	1
3	10	2
10	3	11
1	8	0
3	10	6
10	3	7
1	8	4
7	14	7
7	14	6
7	14	10
3	10	3
3	10	2
3	10	6
3	10	3
1	8	1
3	10	2
1	8	0
3	10	6
1	8	4
8	1	8
8	1	9
8	1	5
3	10	3
3	10	2
3	10	6
1	8	1
1	8	0
3	10	3
3	10	2
1	8	4
3	10	6
3	10	3
3	10	2
3	10	6
1	8	1
1	8	0
1	8	4
5	12	5
5	12	4
5	12	8
7	14	7
7	14	6
7	14	10
1	8	1
1	8	0
3	10	3
3	10	2
1	8	4
3	10	6
3	10	6
3	10	6
7	14	7
3	10	6
3	10	6
7	14	6
7	14	6
7	14	6
7	14	6
7	14	6
7	14	6
1	8	1
7	14	6
7	14	6
1	8	0
3	10	3
7	14	6
7	14	6
3	10	2
1	8	4
7	14	6
7	14	6
7	14	6
14	7	14
7	14	6
7	14	6
14	7	15
7	14	6
3	10	6
3	10	6
7	14	6
14	7	11
7	14	6
7	14	6
7	14	6
7	14	6
7	14	6
1	8	1
7	14	6
7	14	6
1	8	0
7	14	6
7	14	6
1	8	4
7	14	6
7	14	6
7	14	6
14	7	14
7	14	6
7	14	6
14	7	15
7	14	6
7	14	6
14	7	11
7	14	10
5	12	5
1	8	1
5	12	4
5	12	4
1	8	0
5	12	4
5	12	4
1	8	4
5	12	4
5	12	4
5	12	4
5	12	4
5	12	4
5	12	4
5	12	4
5	12	4
5	12	4
5	12	4
5	12	4
5	12	4
5	12	4
1	8	1
5	12	4
5	12	4
1	8	0
5	12	4
5	12	4
1	8	4
1	8	4
5	12	8
1	8	4
1	8	4
1	8	4
1	8	4
5	12	5
1	8	4
5	12	5
1	8	4
1	8	4
1	8	4
3	10	3
1	8	4
1	8	4
3	10	2
1	8	4
1	8	4
1	8	4
5	12	4
3	10	6
12	5	12
1	8	4
5	12	4
5	12	4
12	5	13
5	12	4
5	12	4
12	5	9
5	12	4
7	14	7
5	12	4
5	12	4
7	14	6
5	12	4
7	14	6
5	12	4
7	14	6
5	12	4
7	14	6
5	12	4
7	14	6
5	12	4
7	14	6
5	12	4
7	14	6
5	12	4
7	14	6
5	12	4
7	14	6
5	12	4
7	14	6
3	10	3
5	12	4
7	14	10
3	10	2
5	12	8
3	10	6
3	10	6
3	10	6
3	10	6
3	10	6
3	10	6
3	10	6
3	10	6
3	10	6
3	10	6
3	10	6
3	10	6
3	10	3
3	10	2
3	10	2
7	14	7
3	10	6
7	14	6
10	3	10
3	10	6
7	14	6
7	14	6
10	3	11
7	14	6
7	14	6
10	3	7
7	14	6
7	14	6
7	14	6
7	14	6
7	14	6
7	14	6
7	14	6
7	14	6
7	14	6
7	14	6
7	14	6
7	14	6
7	14	6
7	14	10
5	12	5
5	12	4
5	12	8
1	8	1
1	8	0
5	12	5
1	8	4
1	8	4
5	12	4
5	12	4
5	12	4
5	12	4
5	12	4
5	12	4
5	12	4
5	12	4
5	12	4
5	12	4
5	12	4
1	8	1
5	12	4
5	12	4
1	8	0
5	12	4
5	12	4
1	8	4
5	12	4
1	8	4
5	12	4
5	12	4
5	12	4
5	12	4
5	12	4
5	12	4
5	12	4
5	12	4
10	3	10
5	12	4
5	12	4
10	3	11
5	12	4
12	5	12
1	8	1
5	12	4
10	3	7
5	12	4
12	5	13
1	8	0
5	12	4
7	14	7
5	12	4
12	5	9
5	12	4
1	8	4
7	14	6
1	8	4
5	12	4
5	12	4
7	14	10
5	12	4
5	12	4
5	12	4
5	12	4
5	12	4
5	12	4
5	12	4
5	12	4
3	10	3
5	12	4
5	12	4
3	10	2
5	12	4
5	12	4
7	14	7
5	12	4
3	10	6
5	12	4
3	10	6
7	14	6
5	12	4
7	14	6
14	7	14
7	14	6
7	14	6
5	12	8
14	7	15
7	14	6
7	14	6
14	7	11
7	14	6
7	14	6
7	14	6
7	14	6
7	14	6
7	14	6
10	3	10
7	14	6
7	14	6
10	3	11
7	14	6
10	3	11
7	14	6
10	3	11
7	14	6
10	3	11
10	3	11
7	14	10
10	3	11
10	3	11
10	3	11
10	3	11
10	3	7
12	5	12
12	5	13
12	5	9
5	12	5
5	12	4
5	12	8
5	12	5
5	12	4
5	12	8
14	7	14
14	7	15
14	7	11
5	12	5
5	12	4
5	12	8
14	7	14
14	7	15
14	7	11
3	10	3
3	10	2
5	12	5
5	12	4
3	10	6
5	12	8
3	10	3
1	8	1
12	5	12
3	10	2
1	8	0
12	5	13
3	10	6
1	8	4
12	5	9
1	8	1
1	8	0
1	8	4
8	1	8
8	1	9
8	1	5
5	12	5
5	12	4
5	12	8
3	10	3
3	10	2
3	10	6
10	3	10
10	3	11
10	3	7
5	12	5
5	12	4
5	12	8
14	7	14
14	7	15
14	7	11
7	14	7
10	3	10
7	14	6
10	3	11
7	14	10
10	3	11
10	3	11
10	3	11
10	3	11
10	3	11
10	3	7
5	12	5
5	12	4
5	12	8
8	1	8
8	1	9
8	1	5
10	3	10
10	3	11
10	3	7
3	10	3
3	10	2
3	10	6
5	12	5
5	12	4
5	12	8
12	5	12
12	5	13
12	5	9
5	12	5
5	12	4
5	12	8
12	5	12
12	5	13
12	5	9
10	3	10
10	3	11
10	3	7
5	12	5
5	12	4
5	12	8
10	3	10
5	12	5
7	14	7
10	3	11
5	12	4
7	14	6
10	3	7
5	12	8
7	14	10
7	14	7
7	14	6
7	14	10
5	12	5
5	12	4
5	12	8
12	5	12
12	5	13
12	5	9
5	12	5
5	12	4
5	12	8
14	7	14
14	7	15
14	7	11
5	12	5
5	12	4
5	12	8
5	12	5
5	12	4
12	5	12
5	12	8
12	5	13
12	5	9
7	14	7
7	14	6
7	14	10
14	7	14
14	7	15
14	7	11
3	10	3
8	1	8
3	10	2
8	1	9
8	1	5
3	10	6
14	7	14
14	7	15
14	7	11
1	8	1
1	8	0
1	8	4
8	1	8
8	1	9
8	1	5
1	8	1
1	8	0
1	8	4
8	1	8
8	1	9
8	1	5
7	14	7
7	14	6
7	14	10
7	14	7
7	14	6
7	14	10
14	7	14
14	7	15
14	7	11
1	8	1
7	14	7
1	8	0
7	14	6
1	8	4
7	14	10
8	1	8
1	8	1
8	1	9
1	8	0
8	1	5
1	8	4
12	5	12
12	5	13
12	5	9
12	5	9
5	12	5
5	12	4
5	12	8
10	3	10
10	3	11
10	3	7
3	10	3
3	10	2
3	10	6
7	14	7
7	14	6
7	14	6
7	14	6
7	14	6
7	14	6
8	1	8
7	14	6
7	14	6
8	1	9
7	14	6
8	1	5
7	14	6
10	3	10
7	14	6
7	14	6
10	3	11
7	14	6
7	14	6
10	3	7
7	14	6
7	14	10
7	14	7
7	14	7
8	1	8
7	14	6
7	14	6
8	1	9
8	1	5
7	14	10
7	14	7
3	10	3
3	10	2
7	14	6
7	14	6
3	10	6
3	10	6
7	14	10
3	10	6
3	10	6
3	10	6
3	10	6
3	10	6
3	10	6
3	10	6
3	10	6
3	10	6
3	10	6
3	10	6
3	10	6
3	10	6
3	10	6
7	14	7
7	14	6
7	14	6
7	14	6
7	14	6
7	14	6
7	14	6
7	14	6
7	14	6
7	14	6
7	14	6
7	14	6
7	14	6
7	14	6
7	14	6
7	14	10
12	5	12
12	5	13
12	5	9
7	14	7
7	14	6
1	8	1
7	14	10
1	8	0
1	8	4
12	5	12
12	5	13
12	5	9
7	14	7
7	14	6
7	14	10
1	8	1
1	8	0
1	8	4
14	7	14
12	5	12
14	7	15
12	5	13
14	7	11
12	5	9
8	1	8
8	1	9
8	1	9
8	1	9
8	1	9
8	1	9
8	1	9
8	1	5
10	3	10
10	3	11
10	3	7
3	10	3
3	10	2
3	10	6
1	8	1
1	8	0
1	8	4
3	10	3
14	7	14
3	10	2
10	3	10
14	7	15
3	10	6
10	3	11
14	7	11
10	3	7
7	14	7
14	7	11
14	7	11
7	14	6
14	7	11
7	14	6
14	7	11
7	14	6
14	7	11
7	14	6
14	7	11
7	14	6
14	7	11
7	14	6
14	7	11
7	14	6
14	7	11
7	14	6
14	7	11
7	14	6
14	7	11
7	14	6
14	7	11
14	7	14
7	14	6
14	7	11
7	14	6
14	7	11
7	14	6
14	7	11
7	14	10
5	12	5
5	12	4
14	7	15
5	12	8
14	7	15
14	7	11
14	7	11
14	7	14
14	7	15
14	7	11
14	7	11
5	12	5
1	8	1
5	12	4
1	8	0
5	12	8
1	8	4
1	8	4
1	8	4
1	8	4
1	8	4
1	8	4
1	8	4
1	8	4
1	8	4
1	8	4
1	8	4
5	12	5
1	8	4
5	12	4
1	8	4
1	8	4
1	8	4
5	12	8
1	8	4
1	8	4
1	8	4
12	5	12
1	8	4
1	8	4
12	5	13
1	8	4
1	8	4
12	5	9
1	8	4
3	10	3
1	8	4
8	1	8
1	8	4
3	10	2
1	8	4
8	1	9
1	8	4
8	1	9
1	8	4
3	10	6
8	1	9
1	8	4
8	1	9
8	1	9
5	12	5
8	1	9
8	1	9
5	12	4
8	1	9
5	12	4
8	1	9
5	12	4
8	1	9
5	12	4
8	1	9
5	12	4
8	1	9
5	12	4
8	1	9
5	12	4
5	12	4
8	1	5
5	12	4
5	12	4
5	12	4
5	12	4
5	12	4
5	12	8
5	12	5
3	10	3
5	12	5
3	10	2
3	10	6
5	12	4
1	8	1
5	12	4
1	8	0
5	12	8
1	8	4
1	8	4
1	8	4
1	8	4
1	8	4
1	8	4
3	10	3
1	8	4
12	5	12
1	8	4
3	10	2
1	8	4
12	5	13
1	8	4
1	8	4
3	10	6
12	5	9
1	8	4
1	8	4
3	10	3
3	10	2
3	10	6
1	8	1
1	8	0
1	8	4
5	12	5
5	12	4
5	12	8
14	7	14
14	7	15
14	7	11
5	12	5
5	12	4
1	8	1
12	5	12
5	12	8
1	8	0
12	5	13
1	8	4
12	5	9
1	8	4
1	8	4
1	8	4
1	8	4
1	8	4
1	8	4
1	8	4
1	8	4
1	8	4
1	8	4
5	12	5
1	8	4
5	12	4
5	12	4
5	12	4
8	1	8
5	12	4
5	12	4
8	1	9
5	12	4
5	12	4
8	1	5
5	12	4
5	12	4
5	12	4
5	12	4
5	12	4
5	12	4
5	12	4
12	5	12
5	12	4
5	12	4
12	5	13
5	12	8
12	5	9
12	5	9
12	5	9
12	5	9
14	7	14
14	7	15
14	7	11
3	10	3
3	10	2
3	10	6
12	5	12
12	5	13
12	5	9
12	5	12
12	5	13
12	5	9
8	1	8
8	1	9
8	1	5
12	5	12
12	5	13
12	5	9
12	5	12
3	10	3
12	5	13
3	10	2
12	5	9
14	7	14
3	10	6
14	7	15
14	7	11
12	5	12
12	5	13
12	5	9
14	7	14
1	8	1
14	7	15
1	8	0
14	7	11
1	8	4
8	1	8
3	10	3
8	1	9
3	10	2
8	1	5
3	10	6
12	5	12
12	5	13
12	5	9
12	5	9
7	14	7
12	5	9
12	5	9
7	14	6
12	5	9
1	8	1
7	14	6
12	5	9
7	14	6
12	5	9
1	8	0
7	14	6
12	5	9
7	14	6
12	5	9
1	8	4
7	14	6
12	5	9
5	12	5
7	14	6
7	14	6
5	12	4
7	14	6
5	12	4
5	12	4
7	14	10
5	12	4
5	12	4
5	12	4
5	12	4
5	12	4
8	1	8
5	12	4
5	12	4
8	1	9
5	12	4
8	1	9
5	12	4
8	1	9
5	12	4
8	1	9
5	12	4
8	1	9
8	1	5
5	12	8
5	12	5
5	12	5
8	1	8
12	5	12
12	5	13
12	5	9
5	12	4
12	5	9
8	1	9
5	12	4
12	5	9
8	1	9
8	1	9
5	12	8
8	1	9
8	1	9
8	1	9
8	1	9
8	1	9
7	14	7
8	1	9
8	1	9
7	14	6
8	1	9
8	1	9
8	1	9
7	14	10
8	1	9
8	1	9
8	1	9
8	1	9
8	1	9
8	1	5
14	7	14
14	7	15
5	12	5
14	7	11
5	12	4
5	12	8
12	5	12
12	5	13
12	5	9
5	12	5
5	12	4
5	12	8
7	14	7
7	14	6
7	14	10
7	14	7
7	14	6
7	14	10
10	3	10
10	3	11
10	3	7
5	12	5
5	12	4
5	12	8
14	7	14
14	7	15
14	7	11
8	1	8
5	12	5
8	1	9
5	12	4
8	1	5
5	12	8
12	5	12
3	10	3
12	5	13
3	10	2
12	5	9
12	5	9
3	10	6
12	5	9
12	5	9
12	5	9
12	5	9
12	5	9
12	5	9
5	12	5
5	12	4
5	12	8
5	12	5
5	12	4
5	12	8
8	1	8
8	1	9
8	1	5
12	5	12
12	5	13
12	5	9
12	5	9
12	5	9
12	5	9
12	5	9
12	5	9
12	5	9
12	5	9
12	5	9
12	5	9
7	14	7
7	14	6
7	14	10
14	7	14
14	7	15
14	7	11
7	14	7
7	14	6
7	14	10
1	8	1
1	8	0
1	8	4
14	7	14
14	7	15
14	7	11
1	8	1
1	8	0
1	8	4
5	12	5
5	12	4
5	12	4
1	8	1
5	12	4
5	12	4
1	8	0
5	12	4
5	12	4
1	8	4
5	12	4
5	12	4
5	12	4
5	12	4
7	14	7
5	12	4
5	12	4
7	14	6
5	12	4
5	12	4
7	14	10
5	12	4
5	12	4
14	7	14
5	12	4
12	5	12
5	12	4
14	7	15
1	8	1
5	12	4
12	5	13
5	12	4
14	7	11
1	8	0
5	12	4
12	5	9
5	12	4
1	8	4
5	12	4
5	12	4
5	12	4
5	12	4
5	12	4
5	12	4
5	12	4
5	12	4
5	12	4
5	12	4
5	12	4
5	12	4
5	12	4
5	12	4
5	12	4
5	12	4
5	12	4
5	12	8
5	12	5
5	12	5
5	12	4
5	12	4
5	12	8
3	10	3
3	10	2
3	10	6
3	10	3
3	10	2
3	10	6
10	3	10
10	3	11
10	3	7
12	5	12
12	5	13
1	8	1
12	5	9
1	8	0
1	8	4
12	5	12
12	5	13
12	5	9
14	7	14
14	7	15
14	7	11
5	12	5
5	12	4
7	14	7
5	12	8
7	14	6
7	14	10
10	3	10
10	3	11
10	3	7
3	10	3
3	10	2
3	10	6
14	7	14
14	7	15
14	7	11
10	3	10
1	8	1
10	3	11
1	8	0
10	3	11
10	3	11
1	8	4
10	3	11
7	14	7
10	3	11
10	3	11
3	10	3
7	14	6
10	3	11
10	3	11
3	10	2
7	14	10
10	3	11
10	3	11
3	10	6
10	3	11
3	10	6
3	10	6
10	3	7
3	10	6
3	10	6
3	10	6
3	10	6
3	10	6
3	10	6
3	10	6
3	10	6
3	10	6
3	10	6
10	3	10
10	3	11
12	5	12
10	3	7
12	5	13
12	5	9
5	12	5
8	1	8
5	12	4
8	1	9
5	12	8
8	1	9
8	1	9
8	1	9
8	1	9
8	1	9
8	1	9
8	1	9
8	1	9
8	1	9
8	1	9
8	1	9
8	1	5
7	14	7
7	14	6
7	14	10
1	8	1
1	8	0
1	8	4
12	5	12
12	5	13
12	5	9
8	1	8
8	1	9
8	1	5
12	5	12
10	3	10
12	5	13
12	5	9
10	3	11
12	5	9
10	3	7
12	5	9
12	5	9
12	5	9
12	5	9
12	5	9
12	5	9
12	5	9
1	8	1
1	8	0
12	5	12
3	10	3
1	8	4
12	5	13
3	10	2
12	5	13
3	10	6
5	12	5
5	12	4
5	12	4
5	12	4
5	12	4
12	5	9
5	12	4
12	5	9
5	12	4
5	12	4
5	12	4
5	12	4
12	5	12
5	12	4
5	12	4
12	5	13
12	5	13
5	12	8
8	1	8
8	1	9
8	1	9
8	1	9
7	14	7
8	1	9
8	1	9
7	14	6
12	5	9
8	1	9
12	5	9
8	1	9
8	1	9
7	14	10
8	1	9
8	1	9
8	1	9
8	1	9
1	8	1
8	1	9
8	1	9
1	8	0
8	1	9
10	3	10
8	1	9
1	8	4
8	1	9
10	3	11
8	1	9
10	3	7
8	1	9
8	1	9
8	1	9
8	1	9
8	1	9
8	1	5
3	10	3
3	10	2
12	5	12
3	10	6
12	5	13
12	5	9
10	3	10
10	3	11
10	3	7
7	14	7
7	14	6
7	14	10
7	14	7
7	14	6
7	14	10
10	3	10
10	3	11
10	3	7
7	14	7
7	14	6
8	1	8
7	14	10
8	1	9
8	1	5
10	3	10
10	3	11
10	3	7
10	3	10
10	3	11
10	3	7
8	1	8
8	1	9
8	1	5
12	5	12
12	5	13
12	5	9
5	12	5
5	12	4
12	5	12
5	12	8
12	5	13
12	5	9
10	3	10
10	3	11
10	3	7
7	14	7
7	14	6
7	14	10
5	12	5
5	12	4
5	12	8
8	1	8
8	1	9
8	1	5
14	7	14
14	7	15
14	7	11
7	14	7
10	3	10
7	14	6
10	3	11
10	3	7
7	14	10
1	8	1
10	3	10
1	8	0
10	3	11
1	8	4
5	12	5
10	3	7
5	12	4
5	12	4
5	12	4
5	12	4
5	12	4
5	12	4
5	12	4
5	12	4
5	12	4
5	12	4
5	12	4
5	12	4
5	12	4
8	1	8
5	12	4
5	12	4
8	1	9
8	1	5
5	12	8
3	10	3
3	10	2
3	10	6
8	1	8
3	10	3
5	12	5
8	1	9
3	10	2
5	12	4
8	1	5
10	3	10
3	10	6
5	12	8
10	3	11
10	3	7
8	1	8
3	10	3
8	1	9
3	10	2
8	1	5
3	10	6
10	3	10
10	3	11
14	7	14
10	3	7
7	14	7
14	7	15
7	14	6
14	7	11
14	7	11
7	14	10
14	7	11
14	7	11
14	7	11
14	7	11
14	7	11
14	7	11
14	7	11
14	7	11
14	7	11
14	7	11
14	7	11
1	8	1
1	8	0
1	8	4
8	1	8
8	1	9
5	12	5
8	1	5
5	12	4
5	12	4
5	12	4
5	12	4
12	5	12
5	12	4
12	5	13
5	12	8
12	5	9
12	5	9
12	5	9
12	5	9
8	1	8
12	5	9
12	5	9
12	5	9
8	1	9
8	1	9
8	1	9
8	1	9
8	1	9
8	1	9
8	1	9
8	1	9
8	1	9
8	1	9
8	1	9
8	1	9
8	1	9
8	1	9
8	1	9
8	1	9
8	1	9
8	1	5
14	7	14
14	7	15
14	7	11
12	5	12
12	5	13
12	5	9
8	1	8
8	1	9
8	1	5
10	3	10
10	3	11
10	3	7
5	12	5
5	12	4
5	12	8
14	7	14
14	7	15
14	7	11
14	7	11
3	10	3
3	10	2
10	3	10
3	10	6
10	3	11
10	3	7
14	7	14
14	7	15
14	7	11
3	10	3
3	10	2
3	10	6
3	10	3
3	10	2
3	10	6
7	14	7
7	14	6
7	14	6
7	14	6
7	14	6
7	14	6
7	14	6
7	14	6
7	14	6
7	14	6
5	12	5
7	14	6
7	14	6
5	12	4
7	14	6
7	14	6
5	12	8
7	14	10
14	7	14
10	3	10
14	7	15
10	3	11
14	7	11
10	3	7
14	7	11
14	7	11
14	7	11
14	7	11
14	7	11
14	7	11
14	7	11
14	7	11
14	7	11
14	7	11
14	7	11
14	7	11
14	7	11
14	7	11
8	1	8
14	7	11
8	1	9
10	3	10
8	1	5
10	3	11
10	3	11
10	3	11
10	3	11
10	3	11
10	3	11
10	3	11
10	3	11
10	3	11
10	3	11
10	3	11
10	3	11
10	3	11
10	3	7
8	1	8
8	1	9
8	1	5
8	1	8
8	1	9
8	1	5
8	1	8
1	8	1
8	1	9
1	8	0
8	1	5
1	8	4
14	7	14
14	7	15
14	7	11
12	5	12
12	5	13
12	5	9
1	8	1
1	8	0
1	8	4
12	5	12
12	5	13
12	5	9
1	8	1
1	8	0
1	8	4
12	5	12
12	5	13
14	7	14
12	5	9
14	7	15
14	7	11
3	10	3
3	10	2
3	10	6
8	1	8
8	1	9
8	1	5
14	7	14
14	7	15
14	7	11
14	7	14
14	7	15
14	7	11
14	7	14
14	7	15
14	7	11
5	12	5
5	12	4
3	10	3
5	12	8
3	10	2
3	10	6
1	8	1
1	8	0
1	8	4
10	3	10
10	3	11
1	8	1
10	3	7
1	8	0
1	8	4
12	5	12
12	5	13
12	5	9
7	14	7
7	14	6
12	5	12
7	14	10
12	5	13
12	5	9
8	1	8
8	1	9
8	1	5
1	8	1
1	8	0
1	8	4
8	1	8
8	1	9
8	1	5
7	14	7
7	14	6
7	14	10
5	12	5
5	12	4
5	12	8
1	8	1
1	8	0
1	8	4
1	8	4
1	8	4
1	8	4
1	8	4
1	8	4
1	8	4
1	8	4
1	8	4
10	3	10
10	3	11
10	3	7
3	10	3
3	10	2
8	1	8
3	10	6
8	1	9
8	1	5
14	7	14
5	12	5
14	7	15
5	12	4
14	7	11
5	12	8
14	7	14
14	7	15
14	7	11
10	3	10
10	3	11
10	3	7
7	14	7
7	14	6
12	5	12
7	14	10
12	5	13
12	5	9
14	7	14
14	7	15
14	7	11
5	12	5
5	12	4
5	12	8
1	8	1
1	8	0
1	8	4
14	7	14
14	7	15
14	7	11
12	5	12
12	5	13
12	5	9
12	5	12
12	5	13
12	5	9
3	10	3
3	10	2
3	10	6
10	3	10
10	3	11
10	3	7
5	12	5
5	12	4
5	12	8
7	14	7
7	14	6
7	14	10
1	8	1
1	8	0
1	8	4
12	5	12
12	5	13
14	7	14
12	5	9
14	7	15
14	7	11
8	1	8
8	1	9
8	1	5
5	12	5
14	7	14
5	12	4
14	7	15
5	12	8
14	7	11
7	14	7
7	14	6
7	14	10
14	7	14
14	7	15
1	8	1
14	7	11
1	8	0
1	8	4
12	5	12
12	5	13
12	5	9
7	14	7
1	8	1
7	14	6
1	8	0
7	14	10
1	8	4
5	12	5
5	12	4
5	12	4
5	12	4
5	12	4
5	12	4
5	12	4
5	12	4
5	12	4
5	12	4
5	12	4
5	12	8
7	14	7
7	14	6
7	14	10
3	10	3
3	10	2
1	8	1
3	10	6
1	8	0
1	8	4
8	1	8
8	1	9
8	1	5
7	14	7
7	14	6
12	5	12
7	14	10
12	5	13
12	5	9
5	12	5
12	5	9
12	5	9
5	12	4
12	5	9
5	12	8
12	5	12
12	5	13
12	5	9
8	1	8
8	1	9
8	1	5
3	10	3
3	10	2
3	10	6
5	12	5
5	12	4
5	12	8
3	10	3
14	7	14
3	10	2
14	7	15
3	10	6
14	7	11
12	5	12
12	5	13
12	5	9
8	1	8
8	1	9
8	1	9
14	7	14
8	1	9
7	14	7
8	1	9
14	7	15
8	1	9
7	14	6
8	1	9
14	7	11
1	8	1
8	1	9
12	5	12
8	1	9
7	14	10
1	8	0
8	1	9
12	5	13
8	1	9
1	8	4
12	5	9
8	1	9
8	1	9
8	1	9
8	1	9
8	1	9
8	1	9
8	1	9
8	1	9
8	1	9
8	1	9
8	1	9
8	1	9
8	1	9
8	1	9
8	1	9
8	1	9
8	1	9
8	1	5
7	14	7
7	14	6
7	14	10
3	10	3
3	10	2
3	10	6
3	10	6
3	10	6
3	10	6
3	10	3
3	10	2
3	10	6
3	10	6
14	7	14
14	7	15
14	7	11
5	12	5
5	12	4
5	12	8
8	1	8
8	1	9
8	1	5
12	5	12
12	5	13
12	5	9
12	5	9
12	5	9
12	5	9
12	5	9
10	3	10
10	3	11
10	3	7
14	7	14
14	7	15
14	7	11
1	8	1
1	8	0
1	8	4
8	1	8
8	1	9
8	1	5
1	8	1
1	8	0
3	10	3
1	8	4
3	10	2
12	5	12
3	10	6
12	5	13
7	14	7
8	1	8
12	5	9
7	14	6
12	5	9
8	1	9
7	14	6
8	1	9
7	14	6
8	1	9
7	14	6
8	1	9
7	14	6
8	1	9
14	7	14
7	14	6
8	1	9
7	14	6
8	1	9
14	7	15
7	14	6
8	1	9
7	14	6
8	1	9
14	7	11
7	14	6
8	1	9
7	14	6
8	1	9
7	14	6
8	1	9
7	14	6
8	1	9
7	14	6
8	1	9
8	1	9
8	1	9
7	14	10
8	1	9
8	1	5
8	1	8
8	1	8
3	10	3
8	1	9
3	10	2
7	14	7
8	1	9
8	1	5
3	10	6
7	14	6
7	14	6
7	14	6
7	14	6
7	14	6
7	14	6
7	14	6
7	14	6
7	14	6
14	7	14
7	14	6
7	14	6
14	7	15
7	14	6
7	14	6
14	7	11
7	14	6
7	14	6
7	14	6
10	3	10
7	14	6
10	3	11
7	14	10
10	3	11
10	3	11
10	3	11
10	3	11
10	3	11
10	3	11
10	3	11
10	3	11
10	3	11
10	3	11
1	8	1
10	3	11
1	8	0
10	3	7
1	8	4
3	10	3
3	10	2
5	12	5
5	12	4
3	10	6
7	14	7
7	14	6
5	12	8
7	14	6
7	14	6
10	3	10
7	14	6
7	14	6
10	3	11
7	14	6
7	14	6
10	3	7
7	14	6
7	14	6
7	14	6
7	14	6
7	14	6
7	14	6
7	14	6
7	14	6
7	14	10
5	12	5
5	12	4
5	12	8
7	14	7
7	14	6
7	14	10
8	1	8
8	1	9
8	1	5
5	12	5
5	12	4
5	12	8
14	7	14
1	8	1
14	7	15
1	8	0
14	7	11
1	8	4
1	8	4
8	1	8
1	8	4
7	14	7
1	8	4
8	1	9
1	8	4
7	14	6
8	1	5
7	14	10
14	7	14
14	7	15
14	7	11
14	7	14
14	7	15
14	7	11
5	12	5
5	12	4
5	12	8
5	12	5
5	12	4
5	12	8
8	1	8
8	1	9
8	1	5
8	1	8
8	1	9
8	1	5
1	8	1
12	5	12
1	8	0
12	5	13
1	8	4
12	5	9
12	5	9
12	5	9
12	5	9
12	5	9
12	5	9
12	5	9
12	5	9
12	5	9
1	8	1
1	8	0
1	8	4
14	7	14
14	7	15
3	10	3
14	7	11
3	10	2
3	10	6
8	1	8
8	1	9
8	1	5
10	3	10
10	3	11
1	8	1
10	3	7
1	8	0
1	8	4
1	8	1
1	8	0
3	10	3
3	10	2
1	8	4
3	10	6
5	12	5
5	12	4
5	12	4
5	12	4
5	12	4
5	12	8
5	12	5
8	1	8
8	1	9
5	12	4
8	1	5
5	12	4
5	12	8
12	5	12
12	5	13
12	5	9
3	10	3
3	10	2
10	3	10
3	10	6
10	3	11
10	3	7
14	7	14
14	7	15
14	7	11
3	10	3
3	10	2
3	10	6
1	8	1
1	8	0
12	5	12
1	8	4
5	12	5
12	5	13
5	12	4
12	5	9
5	12	4
5	12	4
5	12	4
5	12	4
5	12	4
5	12	4
5	12	4
5	12	4
1	8	1
5	12	4
5	12	4
1	8	0
5	12	4
5	12	4
1	8	4
5	12	4
5	12	4
5	12	4
5	12	4
5	12	4
12	5	12
5	12	4
5	12	4
12	5	13
5	12	4
5	12	4
12	5	9
5	12	4
5	12	4
5	12	4
5	12	4
5	12	4
5	12	4
5	12	4
5	12	4
5	12	8
5	12	5
5	12	5
3	10	3
3	10	2
3	10	6
5	12	4
5	12	4
5	12	8
3	10	3
3	10	2
3	10	6
8	1	8
8	1	9
8	1	5
8	1	8
8	1	9
8	1	5
12	5	12
12	5	13
12	5	9
14	7	14
14	7	15
14	7	11
10	3	10
10	3	11
10	3	11
10	3	11
10	3	11
10	3	11
10	3	11
10	3	11
10	3	11
10	3	11
10	3	11
10	3	11
10	3	11
10	3	11
10	3	11
10	3	7
12	5	12
12	5	13
12	5	9
3	10	3
3	10	2
1	8	1
3	10	6
10	3	10
1	8	0
10	3	11
1	8	4
10	3	7
10	3	10
1	8	1
10	3	11
1	8	0
10	3	7
1	8	4
7	14	7
7	14	6
7	14	10
1	8	1
1	8	0
1	8	4
14	7	14
14	7	15
14	7	11
12	5	12
12	5	13
12	5	9
5	12	5
5	12	4
10	3	10
5	12	8
10	3	11
3	10	3
10	3	7
3	10	2
3	10	6
12	5	12
12	5	13
12	5	9
10	3	10
10	3	11
3	10	3
10	3	7
3	10	2
3	10	6
7	14	7
7	14	6
7	14	10
3	10	3
8	1	8
3	10	2
8	1	9
10	3	10
8	1	5
3	10	6
10	3	11
3	10	6
3	10	6
10	3	7
3	10	6
3	10	6
3	10	6
3	10	6
3	10	6
3	10	6
12	5	12
12	5	13
12	5	9
8	1	8
12	5	9
12	5	9
8	1	9
8	1	9
8	1	9
8	1	9
8	1	9
10	3	10
8	1	9
8	1	9
10	3	11
8	1	9
10	3	7
8	1	9
8	1	9
8	1	9
8	1	9
8	1	9
8	1	9
8	1	9
8	1	9
8	1	5
10	3	10
8	1	8
8	1	8
10	3	11
10	3	7
8	1	9
8	1	9
8	1	5
10	3	10
10	3	11
12	5	12
10	3	7
12	5	13
14	7	14
12	5	9
14	7	15
14	7	11
14	7	11
14	7	11
14	7	11
14	7	11
14	7	11
14	7	11
14	7	11
14	7	11
14	7	11
5	12	5
14	7	11
5	12	4
5	12	8
8	1	8
8	1	9
8	1	5
8	1	8
8	1	9
7	14	7
8	1	5
7	14	6
7	14	10
8	1	8
8	1	9
8	1	5
1	8	1
1	8	0
1	8	4
12	5	12
12	5	13
12	5	9
14	7	14
14	7	15
14	7	11
5	12	5
10	3	10
5	12	4
3	10	3
10	3	11
5	12	8
10	3	11
3	10	2
10	3	11
10	3	11
3	10	6
10	3	11
10	3	11
10	3	11
10	3	11
10	3	11
10	3	11
10	3	11
10	3	11
10	3	11
10	3	7
7	14	7
7	14	6
7	14	6
7	14	6
7	14	10
5	12	5
5	12	4
5	12	8
1	8	1
5	12	5
1	8	0
5	12	4
1	8	4
1	8	4
5	12	8
1	8	4
1	8	4
1	8	4
1	8	4
14	7	14
1	8	4
1	8	4
14	7	15
1	8	4
1	8	4
14	7	11
1	8	4
1	8	4
1	8	4
1	8	4
1	8	4
1	8	4
5	12	5
5	12	4
3	10	3
5	12	8
3	10	2
3	10	6
1	8	1
1	8	0
1	8	4
1	8	4
1	8	4
1	8	4
1	8	1
1	8	0
1	8	4
1	8	4
1	8	1
1	8	0
1	8	4
1	8	1
1	8	0
1	8	4
1	8	1
5	12	5
1	8	0
5	12	4
1	8	4
1	8	4
5	12	8
1	8	4
1	8	4
1	8	4
1	8	4
1	8	4
1	8	4
1	8	4
1	8	4
1	8	4
1	8	4
1	8	4
1	8	4
1	8	4
1	8	4
1	8	1
7	14	7
1	8	0
7	14	6
1	8	4
7	14	10
5	12	5
12	5	12
5	12	4
12	5	13
5	12	8
12	5	9
5	12	5
5	12	4
5	12	8
8	1	8
8	1	9
8	1	5
3	10	3
5	12	5
3	10	2
5	12	4
3	10	6
5	12	8
1	8	1
1	8	0
1	8	4
1	8	4
1	8	4
1	8	4
1	8	4
1	8	4
5	12	5
1	8	4
1	8	4
5	12	4
5	12	4
5	12	4
5	12	4
5	12	4
1	8	1
5	12	4
5	12	4
1	8	0
5	12	4
5	12	4
5	12	4
5	12	4
5	12	4
5	12	4
5	12	4
5	12	4
5	12	4
1	8	4
1	8	4
5	12	4
5	12	4
5	12	4
5	12	4
5	12	4
5	12	4
5	12	4
5	12	4
5	12	4
5	12	4
5	12	4
5	12	4
5	12	4
5	12	4
10	3	10
5	12	4
5	12	4
10	3	11
5	12	4
10	3	7
5	12	8
7	14	7
7	14	6
7	14	10
12	5	12
12	5	13
12	5	9
7	14	7
7	14	6
8	1	8
7	14	10
8	1	9
8	1	9
8	1	9
8	1	9
8	1	9
8	1	9
8	1	9
8	1	9
14	7	14
8	1	9
8	1	9
14	7	15
8	1	5
14	7	11
1	8	1
1	8	0
1	8	4
1	8	1
1	8	0
5	12	5
14	7	14
1	8	4
5	12	4
10	3	10
5	12	4
14	7	15
5	12	4
10	3	11
5	12	4
14	7	11
5	12	4
10	3	7
14	7	11
5	12	4
14	7	11
5	12	4
14	7	11
5	12	4
14	7	11
5	12	4
14	7	11
5	12	4
14	7	11
5	12	4
14	7	11
5	12	4
14	7	11
5	12	4
14	7	11
5	12	4
14	7	11
5	12	4
14	7	11
5	12	4
14	7	11
5	12	4
14	7	11
14	7	11
5	12	8
14	7	11
3	10	3
3	10	2
3	10	6
1	8	1
7	14	7
1	8	0
7	14	6
1	8	4
7	14	6
7	14	6
7	14	6
7	14	6
7	14	6
3	10	3
7	14	6
7	14	6
3	10	2
7	14	6
7	14	6
3	10	6
7	14	6
7	14	6
7	14	6
7	14	6
7	14	6
7	14	6
7	14	6
7	14	6
7	14	6
5	12	5
7	14	6
7	14	6
5	12	4
7	14	6
7	14	6
7	14	6
5	12	8
7	14	6
7	14	6
7	14	6
7	14	10
3	10	3
3	10	2
3	10	6
7	14	7
7	14	6
7	14	10
7	14	7
7	14	6
7	14	10
10	3	10
10	3	11
10	3	7
12	5	12
12	5	13
12	5	9
1	8	1
1	8	0
1	8	4
10	3	10
10	3	11
10	3	7
14	7	14
14	7	15
14	7	11
12	5	12
12	5	13
12	5	9
10	3	10
10	3	11
10	3	7
5	12	5
5	12	4
5	12	8
8	1	8
8	1	9
8	1	5
14	7	14
14	7	15
14	7	11
8	1	8
8	1	9
8	1	5
10	3	10
10	3	11
10	3	7
10	3	10
1	8	1
10	3	11
1	8	0
10	3	7
1	8	4
5	12	5
5	12	4
5	12	4
5	12	4
5	12	4
5	12	4
5	12	4
5	12	4
1	8	1
5	12	4
5	12	4
1	8	0
5	12	4
5	12	4
5	12	4
1	8	4
1	8	4
1	8	4
5	12	8
1	8	4
1	8	4
1	8	4
1	8	4
1	8	4
1	8	4
1	8	4
1	8	4
1	8	4
1	8	4
1	8	4
1	8	4
1	8	4
1	8	4
3	10	3
3	10	2
3	10	6
5	12	5
5	12	4
5	12	8
3	10	3
3	10	2
3	10	6
5	12	5
5	12	4
5	12	8
10	3	10
10	3	11
10	3	7
1	8	1
1	8	0
3	10	3
1	8	4
Noxim simulation completed.
 ( 11000 cycles executed)
GlobalStats initialised

detailed = [
%  src  dst delay avg delay max     throughput       energy    received    received
%              cycles    cycles    flits/cycle        Joule     packets       flits
     0    0   3.52632        27       0.076582           -1          95         760
% Aggregated average delay (cycles): 3.52632
% Aggregated average throughput (flits/cycle): 0.076582
%  src  dst delay avg delay max     throughput       energy    received    received
%              cycles    cycles    flits/cycle        Joule     packets       flits
     8    1    13.253        42      0.0672405           -1          83         664
% Aggregated average delay (cycles): 13.253
% Aggregated average throughput (flits/cycle): 0.0672405
%  src  dst delay avg delay max     throughput       energy    received    received
%              cycles    cycles    flits/cycle        Joule     packets       flits
     2    2   2.83951        17      0.0659072           -1          81         648
% Aggregated average delay (cycles): 2.83951
% Aggregated average throughput (flits/cycle): 0.0659072
%  src  dst delay avg delay max     throughput       energy    received    received
%              cycles    cycles    flits/cycle        Joule     packets       flits
    10    3   10.2785        30      0.0632506           -1          79         632
% Aggregated average delay (cycles): 10.2785
% Aggregated average throughput (flits/cycle): 0.0632506
%  src  dst delay avg delay max     throughput       energy    received    received
%              cycles    cycles    flits/cycle        Joule     packets       flits
     4    4   2.82759        19       0.070225           -1          87         696
% Aggregated average delay (cycles): 2.82759
% Aggregated average throughput (flits/cycle): 0.070225
%  src  dst delay avg delay max     throughput       energy    received    received
%              cycles    cycles    flits/cycle        Joule     packets       flits
    12    5   10.0989        30       0.074263           -1          91         728
% Aggregated average delay (cycles): 10.0989
% Aggregated average throughput (flits/cycle): 0.074263
%  src  dst delay avg delay max     throughput       energy    received    received
%              cycles    cycles    flits/cycle        Joule     packets       flits
     6    6   4.23711        30      0.0776233           -1          97         776
% Aggregated average delay (cycles): 4.23711
% Aggregated average throughput (flits/cycle): 0.0776233
%  src  dst delay avg delay max     throughput       energy    received    received
%              cycles    cycles    flits/cycle        Joule     packets       flits
    14    7   9.81818        24      0.0631846           -1          77         623
% Aggregated average delay (cycles): 9.81818
% Aggregated average throughput (flits/cycle): 0.0631846
%  src  dst delay avg delay max     throughput       energy    received    received
%              cycles    cycles    flits/cycle        Joule     packets       flits
     1    8   12.5258        36      0.0781549           -1          97         776
% Aggregated average delay (cycles): 12.5258
% Aggregated average throughput (flits/cycle): 0.0781549
%  src  dst delay avg delay max     throughput       energy    received    received
%              cycles    cycles    flits/cycle        Joule     packets       flits
     9    9   4.63551        37      0.0881475           -1         107         856
% Aggregated average delay (cycles): 4.63551
% Aggregated average throughput (flits/cycle): 0.0881475
%  src  dst delay avg delay max     throughput       energy    received    received
%              cycles    cycles    flits/cycle        Joule     packets       flits
     3   10   10.4045        27      0.0713999           -1          89         712
% Aggregated average delay (cycles): 10.4045
% Aggregated average throughput (flits/cycle): 0.0713999
%  src  dst delay avg delay max     throughput       energy    received    received
%              cycles    cycles    flits/cycle        Joule     packets       flits
    11   11   3.22989        16      0.0697954           -1          87         696
% Aggregated average delay (cycles): 3.22989
% Aggregated average throughput (flits/cycle): 0.0697954
%  src  dst delay avg delay max     throughput       energy    received    received
%              cycles    cycles    flits/cycle        Joule     packets       flits
     5   12   14.5524        88      0.0841936           -1         105         840
% Aggregated average delay (cycles): 14.5524
% Aggregated average throughput (flits/cycle): 0.0841936
%  src  dst delay avg delay max     throughput       energy    received    received
%              cycles    cycles    flits/cycle        Joule     packets       flits
    13   13   3.28846        23      0.0837022           -1         104         832
% Aggregated average delay (cycles): 3.28846
% Aggregated average throughput (flits/cycle): 0.0837022
%  src  dst delay avg delay max     throughput       energy    received    received
%              cycles    cycles    flits/cycle        Joule     packets       flits
     7   14   14.3448        73      0.0724742           -1          87         703
% Aggregated average delay (cycles): 14.3448
% Aggregated average throughput (flits/cycle): 0.0724742
%  src  dst delay avg delay max     throughput       energy    received    received
%              cycles    cycles    flits/cycle        Joule     packets       flits
    15   15   2.97895        23      0.0763666           -1          95         760
% Aggregated average delay (cycles): 2.97895
% Aggregated average throughput (flits/cycle): 0.0763666
];

max_delay = [
       27    42    17    30
       19    30    30    24
       36    37    27    16
       88    23    73    23
];

routed_flits = [
          850         0       824         0
         1777       736      1584       696
          928      1536       760      1480
            0       800         0       784
];
power_dynamic = [
	0.000000e+00	 % antenna_buffer_front_pwr_d
	0.000000e+00	 % antenna_buffer_pop_pwr_d
	0.000000e+00	 % antenna_buffer_push_pwr_d
	0.000000e+00	 % buffer_from_tile_front_pwr_d
	0.000000e+00	 % buffer_from_tile_pop_pwr_d
	0.000000e+00	 % buffer_from_tile_push_pwr_d
	0.000000e+00	 % buffer_front_pwr_d
	1.721135e-08	 % buffer_pop_pwr_d
	2.456155e-08	 % buffer_push_pwr_d
	0.000000e+00	 % buffer_to_tile_front_pwr_d
	0.000000e+00	 % buffer_to_tile_pop_pwr_d
	0.000000e+00	 % buffer_to_tile_push_pwr_d
	7.123051e-09	 % crossbar_pwr_d
	0.000000e+00	 % link_r2h_pwr_d
	5.033193e-08	 % link_r2r_pwr_d
	1.105513e-08	 % ni_pwr_d
	2.430000e-10	 % routing_pwr_d
	2.025000e-10	 % selection_pwr_d
	0.000000e+00	 % wireless_dynamic_rx_pwr
	0.000000e+00	 % wireless_snooping
	0.000000e+00	 % wireless_tx
];
power_static = [
	0.000000e+00	 % antenna_buffer_pwr_s
	0.000000e+00	 % buffer_from_tile_pwr_s
	1.816000e-06	 % buffer_router_pwr_s
	0.000000e+00	 % buffer_to_tile_pwr_s
	1.198400e-07	 % crossbar_pwr_s
	2.611200e-09	 % link_r2h_pwr_s
	1.382400e-07	 % ni_pwr_s
	1.920000e-08	 % routing_pwr_s
	1.760000e-08	 % selection_pwr_s
	0.000000e+00	 % transceiver_rx_pwr_biasing
	0.000000e+00	 % transceiver_rx_pwr_s
	0.000000e+00	 % transceiver_tx_pwr_biasing
	0.000000e+00	 % transceiver_tx_pwr_s
];
wirxsleep_stats = [
%	Total Sleep Cycles (T), antenna BufferRX sleep cycles (ARX), BufferToTile sleep cycles (TTRX) 
%	HUB	T	ARX	TTRX	
	0	0.00	-nan	-nan
	1	0.00	-nan	-nan
	2	0.00	-nan	-nan
	3	0.00	-nan	-nan
];
% Total received packets: 1461
% Total received flits: 11702
% Global average delay (cycles): 7.6167
% Global average throughput (flits/cycle): 0.0739069
% Throughput (flits/cycle/IP): 0.0812639
% Max delay (cycles): 88
% Total energy (J): 2.22422e-06
% 	Dynamic energy (J): 1.10729e-07
% 	Static energy (J): 2.11349e-06
