
		Noxim - the NoC Simulator
		(C) University of Catania

Loading configuration from file conf4x4.yaml
configuring hub : startss 
configuring hub : ends 
configuring channels : start 
configuring channels : ends 
configuring power : starts 
configuring power : sends 
Global Routing Table created 
GlobalTrafficTable created
NoC constructor called
NoC::buildMesh invoked
Channel  created
Hub: 1
Hub: 2
Hub: 3
Hub: 4
RoutingAlgorithms::get XY
Initialising router
RoutingAlgorithms::get XY
Initialising router
RoutingAlgorithms::get XY
Initialising router
RoutingAlgorithms::get XY
Initialising router
RoutingAlgorithms::get XY
Initialising router
RoutingAlgorithms::get XY
Initialising router
RoutingAlgorithms::get XY
Initialising router
RoutingAlgorithms::get XY
Initialising router
RoutingAlgorithms::get XY
Initialising router
RoutingAlgorithms::get XY
Initialising router
RoutingAlgorithms::get XY
Initialising router
RoutingAlgorithms::get XY
Initialising router
RoutingAlgorithms::get XY
Initialising router
RoutingAlgorithms::get XY
Initialising router
RoutingAlgorithms::get XY
Initialising router
RoutingAlgorithms::get XY
Initialising router
Reset...

Info: (I702) default timescale unit used for tracing: 1 ps (trace_1.vcd)
 done! Now running for 10000 cycles...
12	5	12
12	5	13
12	5	9
1	8	1
12	5	12
1	8	0
12	5	13
3	10	3
1	8	4
12	5	9
3	10	2
3	10	6
10	3	10
10	3	11
10	3	7
3	10	3
3	10	2
3	10	6
5	12	5
5	12	4
5	12	8
5	12	5
5	12	4
5	12	8
1	8	1
1	8	0
1	8	4
1	8	4
1	8	4
1	8	4
1	8	4
1	8	4
1	8	4
1	8	4
1	8	4
1	8	1
8	1	8
1	8	0
8	1	9
1	8	0
8	1	5
1	8	4
1	8	4
7	14	7
14	7	14
7	14	6
14	7	15
8	1	8
7	14	10
14	7	11
8	1	9
12	5	12
8	1	5
12	5	13
12	5	9
12	5	9
12	5	9
12	5	9
12	5	9
12	5	9
12	5	9
12	5	9
12	5	9
12	5	9
12	5	9
12	5	9
12	5	9
7	14	7
7	14	6
7	14	10
12	5	12
12	5	13
12	5	9
3	10	3
3	10	2
3	10	6
12	5	12
12	5	13
12	5	9
12	5	12
12	5	13
3	10	3
12	5	9
3	10	2
3	10	6
10	3	10
10	3	11
10	3	7
12	5	12
12	5	13
12	5	9
7	14	7
7	14	6
7	14	10
5	12	5
5	12	4
5	12	8
12	5	12
12	5	13
12	5	9
5	12	5
5	12	4
5	12	8
7	14	7
7	14	6
8	1	8
8	1	9
7	14	10
8	1	9
8	1	9
8	1	9
8	1	9
8	1	5
12	5	12
12	5	13
12	5	9
3	10	3
3	10	2
3	10	6
1	8	1
12	5	12
1	8	0
12	5	13
1	8	4
12	5	9
8	1	8
8	1	9
8	1	9
8	1	9
8	1	9
8	1	9
8	1	9
8	1	9
8	1	9
8	1	9
8	1	9
8	1	9
8	1	9
8	1	9
8	1	5
7	14	7
7	14	6
7	14	10
5	12	5
5	12	4
5	12	8
8	1	8
8	1	9
8	1	5
14	7	14
5	12	5
14	7	15
5	12	4
14	7	11
5	12	8
1	8	1
1	8	0
1	8	4
3	10	3
8	1	8
3	10	2
8	1	9
3	10	6
8	1	5
5	12	5
5	12	4
5	12	4
5	12	4
5	12	8
1	8	1
1	8	0
1	8	4
3	10	3
3	10	2
3	10	6
7	14	7
7	14	6
7	14	6
7	14	6
7	14	6
7	14	6
5	12	5
7	14	6
7	14	6
5	12	4
7	14	6
7	14	6
7	14	6
5	12	8
7	14	6
7	14	10
3	10	3
10	3	10
3	10	2
5	12	5
10	3	11
5	12	4
3	10	6
3	10	6
10	3	7
3	10	6
5	12	8
1	8	1
1	8	0
3	10	3
3	10	2
1	8	4
1	8	4
1	8	4
8	1	8
3	10	6
3	10	6
8	1	9
8	1	5
14	7	14
14	7	15
14	7	11
3	10	3
3	10	2
3	10	6
14	7	14
14	7	15
14	7	11
7	14	7
7	14	6
7	14	6
7	14	6
7	14	10
14	7	14
14	7	15
14	7	11
3	10	3
3	10	2
3	10	6
12	5	12
12	5	13
12	5	9
10	3	10
10	3	11
10	3	7
5	12	5
5	12	4
5	12	8
5	12	5
5	12	4
5	12	8
1	8	1
1	8	0
1	8	4
1	8	4
1	8	4
7	14	7
7	14	6
7	14	10
12	5	12
10	3	10
12	5	13
12	5	9
10	3	11
10	3	7
10	3	10
10	3	11
10	3	7
14	7	14
14	7	15
14	7	11
14	7	11
14	7	11
14	7	11
14	7	11
14	7	11
1	8	1
1	8	0
12	5	12
1	8	4
12	5	13
12	5	9
7	14	7
7	14	6
7	14	10
14	7	14
14	7	15
14	7	11
8	1	8
8	1	9
8	1	5
1	8	1
1	8	0
1	8	4
10	3	10
10	3	11
10	3	11
10	3	11
10	3	7
10	3	10
10	3	11
10	3	11
10	3	7
8	1	8
8	1	9
8	1	5
3	10	3
3	10	2
3	10	6
3	10	3
3	10	2
12	5	12
3	10	6
12	5	13
12	5	9
7	14	7
8	1	8
7	14	6
7	14	6
8	1	9
7	14	6
8	1	9
3	10	3
7	14	6
8	1	9
7	14	6
8	1	9
3	10	2
7	14	6
8	1	9
7	14	6
8	1	9
3	10	6
7	14	6
8	1	9
7	14	6
8	1	9
7	14	6
8	1	9
7	14	6
8	1	9
7	14	6
8	1	5
7	14	6
7	14	6
7	14	6
7	14	6
7	14	6
7	14	6
7	14	6
7	14	6
7	14	6
7	14	6
7	14	6
7	14	6
7	14	10
5	12	5
7	14	7
10	3	10
7	14	7
5	12	4
10	3	11
10	3	7
5	12	8
1	8	1
7	14	6
1	8	0
7	14	6
1	8	4
7	14	10
1	8	4
1	8	4
1	8	4
1	8	4
10	3	10
1	8	4
1	8	4
10	3	11
10	3	7
10	3	10
10	3	11
8	1	8
10	3	7
8	1	9
8	1	5
3	10	3
10	3	10
3	10	2
10	3	11
8	1	8
3	10	6
10	3	7
8	1	9
8	1	5
1	8	1
1	8	0
1	8	4
5	12	5
5	12	4
3	10	3
5	12	4
5	12	4
3	10	2
5	12	4
5	12	4
5	12	4
3	10	6
5	12	4
5	12	4
5	12	8
5	12	5
1	8	1
1	8	0
1	8	4
1	8	4
5	12	4
1	8	4
5	12	4
5	12	4
5	12	4
5	12	4
5	12	4
5	12	4
5	12	4
5	12	4
5	12	4
8	1	8
5	12	4
5	12	4
8	1	9
5	12	4
5	12	4
8	1	5
5	12	4
5	12	4
5	12	4
5	12	4
5	12	8
10	3	10
10	3	11
10	3	7
8	1	8
8	1	9
8	1	5
14	7	14
1	8	1
14	7	15
1	8	0
14	7	11
1	8	4
8	1	8
7	14	7
8	1	9
7	14	6
8	1	5
7	14	10
8	1	8
1	8	1
8	1	9
1	8	0
8	1	5
1	8	4
3	10	3
1	8	1
3	10	2
1	8	0
3	10	6
1	8	4
7	14	7
7	14	6
7	14	6
1	8	1
7	14	6
7	14	6
1	8	0
7	14	6
1	8	4
7	14	10
5	12	5
12	5	12
5	12	4
12	5	13
5	12	4
5	12	4
12	5	9
5	12	4
5	12	4
5	12	4
5	12	8
14	7	14
14	7	15
14	7	11
5	12	5
5	12	4
5	12	4
5	12	8
14	7	14
14	7	15
14	7	11
12	5	12
12	5	13
12	5	9
1	8	1
1	8	0
1	8	4
5	12	5
5	12	4
5	12	4
5	12	4
5	12	4
5	12	4
5	12	4
5	12	4
5	12	4
5	12	4
5	12	4
14	7	14
5	12	4
5	12	4
14	7	15
5	12	4
1	8	1
5	12	4
14	7	11
5	12	4
1	8	0
5	12	8
1	8	4
3	10	3
1	8	4
1	8	4
3	10	2
1	8	4
1	8	4
1	8	4
3	10	6
1	8	4
1	8	4
1	8	4
1	8	4
1	8	4
7	14	7
1	8	4
1	8	4
7	14	6
1	8	4
7	14	6
7	14	6
7	14	6
7	14	6
7	14	6
7	14	6
7	14	6
7	14	6
7	14	6
7	14	10
10	3	10
10	3	11
10	3	7
12	5	12
12	5	13
12	5	9
10	3	10
10	3	11
10	3	7
7	14	7
7	14	6
7	14	10
7	14	7
7	14	6
7	14	10
7	14	7
7	14	6
10	3	10
7	14	10
10	3	11
10	3	7
7	14	7
7	14	6
7	14	10
14	7	14
14	7	15
8	1	8
14	7	11
8	1	9
8	1	5
12	5	12
12	5	13
12	5	9
10	3	10
10	3	11
10	3	7
5	12	5
5	12	4
8	1	8
5	12	8
8	1	9
8	1	5
12	5	12
10	3	10
12	5	13
10	3	11
12	5	9
10	3	7
12	5	9
12	5	9
3	10	3
12	5	9
12	5	9
1	8	1
3	10	2
12	5	9
12	5	9
1	8	0
3	10	6
12	5	9
12	5	9
1	8	4
12	5	9
10	3	10
10	3	11
10	3	7
1	8	1
7	14	7
1	8	0
7	14	6
1	8	4
7	14	10
7	14	7
7	14	6
7	14	10
1	8	1
3	10	3
1	8	0
3	10	2
1	8	4
3	10	6
3	10	6
3	10	6
3	10	6
3	10	6
3	10	6
3	10	6
3	10	6
1	8	1
1	8	0
1	8	4
7	14	7
7	14	6
7	14	10
1	8	1
8	1	8
10	3	10
1	8	0
8	1	9
10	3	11
1	8	4
8	1	5
10	3	7
5	12	5
5	12	4
5	12	4
5	12	4
5	12	4
5	12	4
5	12	8
3	10	3
3	10	2
5	12	5
5	12	4
3	10	6
5	12	8
8	1	8
8	1	9
8	1	5
3	10	3
3	10	2
3	10	6
8	1	8
8	1	9
8	1	5
10	3	10
10	3	11
10	3	7
10	3	10
10	3	11
10	3	7
1	8	1
1	8	0
1	8	4
7	14	7
10	3	10
7	14	6
10	3	11
7	14	10
10	3	7
7	14	7
10	3	10
7	14	6
10	3	11
7	14	10
10	3	7
5	12	5
5	12	4
5	12	8
14	7	14
14	7	15
14	7	11
12	5	12
12	5	13
12	5	9
5	12	5
5	12	4
5	12	8
1	8	1
1	8	0
1	8	4
10	3	10
10	3	11
10	3	7
3	10	3
3	10	2
3	10	6
5	12	5
5	12	4
5	12	8
3	10	3
3	10	2
3	10	6
5	12	5
12	5	12
5	12	4
12	5	13
5	12	8
12	5	9
12	5	12
12	5	13
12	5	9
8	1	8
8	1	9
8	1	5
7	14	7
7	14	6
7	14	10
3	10	3
3	10	2
3	10	6
12	5	12
12	5	13
12	5	9
1	8	1
1	8	0
1	8	4
1	8	1
1	8	0
8	1	8
1	8	4
8	1	9
8	1	5
12	5	12
12	5	13
12	5	9
12	5	9
12	5	9
12	5	9
12	5	9
12	5	9
12	5	9
12	5	9
12	5	9
12	5	9
14	7	14
14	7	15
14	7	11
1	8	1
1	8	0
1	8	4
14	7	14
14	7	15
14	7	11
14	7	14
7	14	7
14	7	15
5	12	5
7	14	6
14	7	11
5	12	4
7	14	10
5	12	8
7	14	7
5	12	5
7	14	6
5	12	4
7	14	10
8	1	8
5	12	8
8	1	9
8	1	5
7	14	7
7	14	6
7	14	10
10	3	10
10	3	11
10	3	7
12	5	12
12	5	13
12	5	9
3	10	3
3	10	2
3	10	6
12	5	12
12	5	13
12	5	9
7	14	7
7	14	6
7	14	10
3	10	3
3	10	2
3	10	6
3	10	6
3	10	6
3	10	6
3	10	3
3	10	2
3	10	6
3	10	6
12	5	12
12	5	13
12	5	9
3	10	3
5	12	5
3	10	2
5	12	4
3	10	6
8	1	8
5	12	8
8	1	9
8	1	9
8	1	9
8	1	9
8	1	9
10	3	10
8	1	9
8	1	9
10	3	11
8	1	9
10	3	7
8	1	9
8	1	5
14	7	14
14	7	15
14	7	11
14	7	11
10	3	10
14	7	11
14	7	11
10	3	11
14	7	11
14	7	11
10	3	7
14	7	11
14	7	11
14	7	11
14	7	11
14	7	11
14	7	11
14	7	11
14	7	14
14	7	11
14	7	11
14	7	11
14	7	11
14	7	11
14	7	11
5	12	5
14	7	11
14	7	11
5	12	4
5	12	8
14	7	15
14	7	15
3	10	3
3	10	2
3	10	6
14	7	11
14	7	11
5	12	5
5	12	4
5	12	8
12	5	12
12	5	13
12	5	9
5	12	5
5	12	4
5	12	8
12	5	12
12	5	13
12	5	9
8	1	8
8	1	9
8	1	5
8	1	8
8	1	9
8	1	5
1	8	1
1	8	0
1	8	4
5	12	5
5	12	4
1	8	1
5	12	8
1	8	0
1	8	4
1	8	4
1	8	4
1	8	4
8	1	8
1	8	4
1	8	4
8	1	9
1	8	4
1	8	4
8	1	5
1	8	4
1	8	4
14	7	14
1	8	4
14	7	15
1	8	1
14	7	11
1	8	0
1	8	0
8	1	8
8	1	9
8	1	5
1	8	4
1	8	4
3	10	3
3	10	2
10	3	10
3	10	6
10	3	11
10	3	7
12	5	12
12	5	13
12	5	9
10	3	10
10	3	11
10	3	7
12	5	12
12	5	13
12	5	9
1	8	1
1	8	0
1	8	4
10	3	10
10	3	11
10	3	7
8	1	8
8	1	9
8	1	5
12	5	12
12	5	13
12	5	9
12	5	9
7	14	7
7	14	6
7	14	10
12	5	12
12	5	13
12	5	9
14	7	14
14	7	15
14	7	11
8	1	8
7	14	7
8	1	9
7	14	6
8	1	9
8	1	5
7	14	10
14	7	14
10	3	10
14	7	15
10	3	11
3	10	3
14	7	11
10	3	11
10	3	11
3	10	2
10	3	11
10	3	11
3	10	6
10	3	11
3	10	6
10	3	11
10	3	11
10	3	11
10	3	11
10	3	11
10	3	11
10	3	11
10	3	11
10	3	11
10	3	11
10	3	11
10	3	11
10	3	7
10	3	10
3	10	3
10	3	11
3	10	2
10	3	7
3	10	6
7	14	7
7	14	6
7	14	6
7	14	6
7	14	6
7	14	6
7	14	6
7	14	6
7	14	6
7	14	6
7	14	6
7	14	6
7	14	6
7	14	6
7	14	6
7	14	6
8	1	8
8	1	9
7	14	10
8	1	5
1	8	1
14	7	14
1	8	0
14	7	15
1	8	4
14	7	11
8	1	8
8	1	9
8	1	5
1	8	1
10	3	10
1	8	0
10	3	11
1	8	4
10	3	11
10	3	11
10	3	7
14	7	14
14	7	15
14	7	11
5	12	5
5	12	4
5	12	8
10	3	10
10	3	11
10	3	7
1	8	1
1	8	0
5	12	5
1	8	4
5	12	4
5	12	4
5	12	4
5	12	4
5	12	4
5	12	4
5	12	4
5	12	4
5	12	4
5	12	4
5	12	4
5	12	4
5	12	4
3	10	3
5	12	4
5	12	4
3	10	2
5	12	4
3	10	6
5	12	8
1	8	1
1	8	0
1	8	4
14	7	14
14	7	15
14	7	11
12	5	12
12	5	13
12	5	9
7	14	7
7	14	6
7	14	10
1	8	1
1	8	0
1	8	4
7	14	7
7	14	6
7	14	10
3	10	3
3	10	2
3	10	6
3	10	3
3	10	2
3	10	6
3	10	3
5	12	5
3	10	2
5	12	4
3	10	6
5	12	8
3	10	3
3	10	2
3	10	6
3	10	3
3	10	2
3	10	6
10	3	10
10	3	11
10	3	7
14	7	14
14	7	15
14	7	11
7	14	7
7	14	6
7	14	10
3	10	3
3	10	2
10	3	10
3	10	6
3	10	6
10	3	11
3	10	6
3	10	6
10	3	7
3	10	6
3	10	6
3	10	6
3	10	6
3	10	6
8	1	8
8	1	9
8	1	5
5	12	5
5	12	4
5	12	8
12	5	12
12	5	13
12	5	9
5	12	5
5	12	4
5	12	8
7	14	7
7	14	6
7	14	10
12	5	12
12	5	13
12	5	9
7	14	7
7	14	6
12	5	12
7	14	10
12	5	13
12	5	9
1	8	1
1	8	0
1	8	4
7	14	7
7	14	6
7	14	10
3	10	3
3	10	2
5	12	5
5	12	4
3	10	6
5	12	8
5	12	5
5	12	4
5	12	8
8	1	8
8	1	9
8	1	5
1	8	1
1	8	0
1	8	4
10	3	10
10	3	11
10	3	7
7	14	7
7	14	6
7	14	10
8	1	8
8	1	9
8	1	5
10	3	10
10	3	11
10	3	7
12	5	12
12	5	13
12	5	9
8	1	8
8	1	9
8	1	5
8	1	8
8	1	9
8	1	5
14	7	14
14	7	15
14	7	11
10	3	10
10	3	11
10	3	11
10	3	11
10	3	11
10	3	11
10	3	11
10	3	11
10	3	11
10	3	11
10	3	11
10	3	11
10	3	11
10	3	11
12	5	12
10	3	11
12	5	13
10	3	7
12	5	9
5	12	5
5	12	4
5	12	8
14	7	14
14	7	15
14	7	11
14	7	11
1	8	1
1	8	0
1	8	4
1	8	4
1	8	4
1	8	4
12	5	12
12	5	13
12	5	9
7	14	7
7	14	6
7	14	10
12	5	12
12	5	13
12	5	9
1	8	1
1	8	0
1	8	4
10	3	10
10	3	11
10	3	7
10	3	10
10	3	11
10	3	7
10	3	10
10	3	11
10	3	7
8	1	8
8	1	9
8	1	5
10	3	10
10	3	11
10	3	7
12	5	12
12	5	13
12	5	9
10	3	10
10	3	11
10	3	7
10	3	10
10	3	11
10	3	7
14	7	14
5	12	5
14	7	15
5	12	4
14	7	11
5	12	8
7	14	7
7	14	6
1	8	1
7	14	10
1	8	0
1	8	4
14	7	14
14	7	15
14	7	11
7	14	7
7	14	6
7	14	10
8	1	8
8	1	9
8	1	5
10	3	10
10	3	11
14	7	14
10	3	7
14	7	15
14	7	11
14	7	11
14	7	11
14	7	11
14	7	11
14	7	11
14	7	11
14	7	11
14	7	11
14	7	11
14	7	11
14	7	11
3	10	3
3	10	2
3	10	6
14	7	14
5	12	5
14	7	15
5	12	4
14	7	11
5	12	8
5	12	5
5	12	4
3	10	3
5	12	8
3	10	2
3	10	6
8	1	8
3	10	3
5	12	5
8	1	9
3	10	2
5	12	4
8	1	5
3	10	6
5	12	8
5	12	5
5	12	4
5	12	8
5	12	5
5	12	4
5	12	8
3	10	3
3	10	2
3	10	6
12	5	12
12	5	13
12	5	9
14	7	14
14	7	15
14	7	11
3	10	3
3	10	2
3	10	6
1	8	1
1	8	0
1	8	4
3	10	3
3	10	2
3	10	6
14	7	14
14	7	15
14	7	11
12	5	12
3	10	3
12	5	13
3	10	2
7	14	7
12	5	9
1	8	1
3	10	6
7	14	6
7	14	6
1	8	0
7	14	6
7	14	6
1	8	4
7	14	6
7	14	6
7	14	6
7	14	6
7	14	6
7	14	6
7	14	6
7	14	6
7	14	6
14	7	14
7	14	6
7	14	6
14	7	15
7	14	6
1	8	1
7	14	6
14	7	11
1	8	0
7	14	10
1	8	4
14	7	14
14	7	15
14	7	11
14	7	14
14	7	15
5	12	5
14	7	11
5	12	4
5	12	8
1	8	1
7	14	7
1	8	0
7	14	6
1	8	4
7	14	10
7	14	7
7	14	6
14	7	14
7	14	10
14	7	15
14	7	11
14	7	14
14	7	15
14	7	11
7	14	7
7	14	6
7	14	10
12	5	12
12	5	13
12	5	9
7	14	7
7	14	6
7	14	10
3	10	3
3	10	2
3	10	6
3	10	6
3	10	6
3	10	6
3	10	6
3	10	6
8	1	8
8	1	9
8	1	5
3	10	3
3	10	2
3	10	6
12	5	12
12	5	13
12	5	9
12	5	12
12	5	13
12	5	9
8	1	8
8	1	9
8	1	5
10	3	10
10	3	11
10	3	7
5	12	5
5	12	4
5	12	8
8	1	8
8	1	9
1	8	1
8	1	5
1	8	0
1	8	4
1	8	4
12	5	12
1	8	4
1	8	4
12	5	13
1	8	4
1	8	4
12	5	9
1	8	4
12	5	9
12	5	9
12	5	9
12	5	9
12	5	9
12	5	9
5	12	5
5	12	4
5	12	8
12	5	12
1	8	1
12	5	13
1	8	0
12	5	9
1	8	4
10	3	10
10	3	11
3	10	3
10	3	7
12	5	12
1	8	1
3	10	2
12	5	13
1	8	0
3	10	6
12	5	9
1	8	4
3	10	3
1	8	1
3	10	2
1	8	0
3	10	6
1	8	4
8	1	8
8	1	9
8	1	5
5	12	5
5	12	4
5	12	8
14	7	14
14	7	15
14	7	11
12	5	12
12	5	13
12	5	9
7	14	7
7	14	6
7	14	10
3	10	3
3	10	2
3	10	6
3	10	6
3	10	6
3	10	6
3	10	6
1	8	1
10	3	10
1	8	0
3	10	3
10	3	11
1	8	4
3	10	2
10	3	7
3	10	6
3	10	6
3	10	3
3	10	2
3	10	6
12	5	12
12	5	13
12	5	9
3	10	3
3	10	2
14	7	14
3	10	6
14	7	15
14	7	11
10	3	10
10	3	11
10	3	11
10	3	11
10	3	11
10	3	11
3	10	3
10	3	11
10	3	11
3	10	2
10	3	11
10	3	11
3	10	6
10	3	11
10	3	11
10	3	7
7	14	7
7	14	6
7	14	6
7	14	6
7	14	6
7	14	6
7	14	6
8	1	8
7	14	6
7	14	6
8	1	9
8	1	5
7	14	10
14	7	14
14	7	15
14	7	11
7	14	7
7	14	6
7	14	10
3	10	3
3	10	2
3	10	6
3	10	6
3	10	6
3	10	6
3	10	6
3	10	6
3	10	6
3	10	6
3	10	6
10	3	10
10	3	11
8	1	8
10	3	7
8	1	9
8	1	5
7	14	7
7	14	6
7	14	10
8	1	8
8	1	9
8	1	5
3	10	3
3	10	2
3	10	6
7	14	7
7	14	6
7	14	6
7	14	6
7	14	6
7	14	6
7	14	6
7	14	6
7	14	6
7	14	6
7	14	6
7	14	6
12	5	12
7	14	6
7	14	6
12	5	13
7	14	6
7	14	6
12	5	9
7	14	10
1	8	1
1	8	0
1	8	4
14	7	14
14	7	15
14	7	11
7	14	7
7	14	6
7	14	10
5	12	5
5	12	4
5	12	8
8	1	8
8	1	9
8	1	5
1	8	1
1	8	0
1	8	4
7	14	7
7	14	6
7	14	10
14	7	14
14	7	15
14	7	11
1	8	1
5	12	5
1	8	0
5	12	4
1	8	4
5	12	8
1	8	4
1	8	4
1	8	4
1	8	4
1	8	4
1	8	4
1	8	4
1	8	4
1	8	4
1	8	4
1	8	4
1	8	4
1	8	4
1	8	4
1	8	1
1	8	0
1	8	4
1	8	4
5	12	5
5	12	4
5	12	4
5	12	4
5	12	4
5	12	4
5	12	4
5	12	4
7	14	7
5	12	4
7	14	6
5	12	8
7	14	10
5	12	5
10	3	10
10	3	11
10	3	7
5	12	4
5	12	4
5	12	8
5	12	5
10	3	10
1	8	1
10	3	11
1	8	0
10	3	7
1	8	4
5	12	4
1	8	4
5	12	4
5	12	4
5	12	4
5	12	4
5	12	4
5	12	4
5	12	4
5	12	4
5	12	4
5	12	4
10	3	10
5	12	4
5	12	4
10	3	11
5	12	4
5	12	4
10	3	7
5	12	4
7	14	7
5	12	4
5	12	4
7	14	6
5	12	8
7	14	10
12	5	12
10	3	10
12	5	13
10	3	11
12	5	9
10	3	7
14	7	14
14	7	15
14	7	11
14	7	14
14	7	15
14	7	11
10	3	10
10	3	11
10	3	7
1	8	1
3	10	3
1	8	0
3	10	2
1	8	4
3	10	6
1	8	1
1	8	0
10	3	10
1	8	4
10	3	11
10	3	7
8	1	8
8	1	9
8	1	5
8	1	8
8	1	9
10	3	10
8	1	5
10	3	11
10	3	7
1	8	1
14	7	14
1	8	0
14	7	15
1	8	4
14	7	11
14	7	11
14	7	11
8	1	8
14	7	11
14	7	11
8	1	9
14	7	11
14	7	11
8	1	5
14	7	11
14	7	14
14	7	15
3	10	3
14	7	11
14	7	11
3	10	2
3	10	6
14	7	14
14	7	15
14	7	11
3	10	3
3	10	2
3	10	6
3	10	3
3	10	2
3	10	6
3	10	3
8	1	8
3	10	2
8	1	9
8	1	5
3	10	6
7	14	7
7	14	6
7	14	6
7	14	6
7	14	6
7	14	6
7	14	6
7	14	6
7	14	6
7	14	6
7	14	6
7	14	6
7	14	6
7	14	6
7	14	6
7	14	6
7	14	10
1	8	1
1	8	0
1	8	4
3	10	3
3	10	2
3	10	6
14	7	14
14	7	15
14	7	11
8	1	8
8	1	9
8	1	5
14	7	14
14	7	15
10	3	10
14	7	11
10	3	11
10	3	11
10	3	11
10	3	11
10	3	11
8	1	8
10	3	11
10	3	11
8	1	9
10	3	11
10	3	11
8	1	5
10	3	11
10	3	11
10	3	11
10	3	11
10	3	11
10	3	11
10	3	11
10	3	7
8	1	8
8	1	9
8	1	5
8	1	8
1	8	1
8	1	9
1	8	0
8	1	5
1	8	4
5	12	5
5	12	4
5	12	8
10	3	10
10	3	11
3	10	3
10	3	7
12	5	12
3	10	2
12	5	13
3	10	6
12	5	9
10	3	10
10	3	11
10	3	7
12	5	12
12	5	13
12	5	9
1	8	1
1	8	0
1	8	4
14	7	14
14	7	15
14	7	11
8	1	8
8	1	9
8	1	5
8	1	8
8	1	9
7	14	7
8	1	5
7	14	6
7	14	10
8	1	8
8	1	9
1	8	1
8	1	5
1	8	0
1	8	4
14	7	14
14	7	15
14	7	11
14	7	14
14	7	15
14	7	11
8	1	8
8	1	9
8	1	5
5	12	5
5	12	4
5	12	8
14	7	14
14	7	15
14	7	11
10	3	10
10	3	11
10	3	7
12	5	12
12	5	13
12	5	9
10	3	10
10	3	11
10	3	7
5	12	5
5	12	4
5	12	8
10	3	10
10	3	11
10	3	7
5	12	5
5	12	4
5	12	8
1	8	1
1	8	0
1	8	4
1	8	4
1	8	4
1	8	4
1	8	4
1	8	4
1	8	4
1	8	4
8	1	8
8	1	9
8	1	5
1	8	1
1	8	0
1	8	4
3	10	3
3	10	2
3	10	6
14	7	14
14	7	15
14	7	11
7	14	7
7	14	6
7	14	6
8	1	8
7	14	10
8	1	9
8	1	5
7	14	7
7	14	6
8	1	8
8	1	9
7	14	10
8	1	5
7	14	7
7	14	6
7	14	10
7	14	7
7	14	6
7	14	10
3	10	3
3	10	2
3	10	6
3	10	6
7	14	7
7	14	6
7	14	10
12	5	12
12	5	13
12	5	9
7	14	7
7	14	6
7	14	10
14	7	14
14	7	15
14	7	11
7	14	7
7	14	6
7	14	10
7	14	7
7	14	6
7	14	10
1	8	1
1	8	0
1	8	4
10	3	10
5	12	5
10	3	11
5	12	4
5	12	4
10	3	7
5	12	4
5	12	4
5	12	4
5	12	4
5	12	8
12	5	12
12	5	13
12	5	9
8	1	8
8	1	9
8	1	5
12	5	12
12	5	13
12	5	9
5	12	5
5	12	4
5	12	8
3	10	3
3	10	2
3	10	6
10	3	10
10	3	11
10	3	7
12	5	12
12	5	13
12	5	9
10	3	10
5	12	5
10	3	11
5	12	4
10	3	7
5	12	8
12	5	12
12	5	13
12	5	9
10	3	10
10	3	11
10	3	7
8	1	8
8	1	9
8	1	5
5	12	5
5	12	4
5	12	8
8	1	8
8	1	9
8	1	5
12	5	12
12	5	13
12	5	9
12	5	12
12	5	13
12	5	9
10	3	10
10	3	11
10	3	7
3	10	3
1	8	1
3	10	2
1	8	0
3	10	6
1	8	4
12	5	12
12	5	13
12	5	9
1	8	1
1	8	0
1	8	4
5	12	5
5	12	4
5	12	4
5	12	4
5	12	4
5	12	4
5	12	4
5	12	4
5	12	4
5	12	4
5	12	4
5	12	4
3	10	3
5	12	4
5	12	4
3	10	2
5	12	4
3	10	6
5	12	8
5	12	5
5	12	5
5	12	4
5	12	4
5	12	8
14	7	14
14	7	15
14	7	11
14	7	14
14	7	15
14	7	11
1	8	1
1	8	0
1	8	4
7	14	7
7	14	6
7	14	10
12	5	12
12	5	13
3	10	3
12	5	9
3	10	2
8	1	8
1	8	1
3	10	6
8	1	9
8	1	9
1	8	0
8	1	9
8	1	9
1	8	4
8	1	9
8	1	9
8	1	9
8	1	9
8	1	9
8	1	9
8	1	9
8	1	9
8	1	9
8	1	9
8	1	5
8	1	8
8	1	8
8	1	9
10	3	10
8	1	9
10	3	11
8	1	5
10	3	7
10	3	10
10	3	11
10	3	7
5	12	5
5	12	4
5	12	8
12	5	12
12	5	13
12	5	9
10	3	10
10	3	11
10	3	7
3	10	3
8	1	8
3	10	2
8	1	9
3	10	6
8	1	5
5	12	5
5	12	4
5	12	8
3	10	3
3	10	2
7	14	7
3	10	6
7	14	6
7	14	6
7	14	6
7	14	6
7	14	6
7	14	6
7	14	6
7	14	6
7	14	6
7	14	6
8	1	8
7	14	6
7	14	6
8	1	9
5	12	5
7	14	6
8	1	5
7	14	6
5	12	4
7	14	6
7	14	6
7	14	6
5	12	8
7	14	10
12	5	12
12	5	13
12	5	9
12	5	9
3	10	3
3	10	2
3	10	6
12	5	12
14	7	14
12	5	13
14	7	15
12	5	9
14	7	11
12	5	9
10	3	10
10	3	11
10	3	11
10	3	11
10	3	11
10	3	7
8	1	8
8	1	9
8	1	5
8	1	8
8	1	9
8	1	5
12	5	12
7	14	7
12	5	13
7	14	6
12	5	9
12	5	9
7	14	10
14	7	14
12	5	9
12	5	9
14	7	15
12	5	9
12	5	9
14	7	11
12	5	9
10	3	10
14	7	14
10	3	11
10	3	11
14	7	15
10	3	11
14	7	11
10	3	11
10	3	11
10	3	11
10	3	11
10	3	11
10	3	11
10	3	11
10	3	11
10	3	11
10	3	11
10	3	11
10	3	11
10	3	11
10	3	11
10	3	11
10	3	11
10	3	11
10	3	7
1	8	1
10	3	10
1	8	0
1	8	4
10	3	11
10	3	11
10	3	7
5	12	5
5	12	4
5	12	4
5	12	4
10	3	10
5	12	4
8	1	8
5	12	4
5	12	4
8	1	9
8	1	5
5	12	8
10	3	11
10	3	11
10	3	7
10	3	10
10	3	11
10	3	11
7	14	7
10	3	7
7	14	6
7	14	10
12	5	12
12	5	13
12	5	9
8	1	8
8	1	9
8	1	5
3	10	3
3	10	2
3	10	6
1	8	1
1	8	0
1	8	4
10	3	10
10	3	11
5	12	5
10	3	7
5	12	4
5	12	8
14	7	14
14	7	15
14	7	11
14	7	11
14	7	11
14	7	11
14	7	11
10	3	10
14	7	11
14	7	11
14	7	11
10	3	11
5	12	5
10	3	11
10	3	11
5	12	4
10	3	11
10	3	11
5	12	8
10	3	11
14	7	14
10	3	11
10	3	11
14	7	15
10	3	11
10	3	11
10	3	11
10	3	11
10	3	11
10	3	11
10	3	11
3	10	3
14	7	11
10	3	11
14	7	11
10	3	11
3	10	2
10	3	11
10	3	11
3	10	6
10	3	11
10	3	11
10	3	11
10	3	11
10	3	11
10	3	11
10	3	11
10	3	11
10	3	11
10	3	11
10	3	11
10	3	11
10	3	11
10	3	11
10	3	7
10	3	10
10	3	10
10	3	11
10	3	11
10	3	7
1	8	1
10	3	10
10	3	10
1	8	0
1	8	4
10	3	11
10	3	11
10	3	7
1	8	1
1	8	0
1	8	4
12	5	12
12	5	13
5	12	5
12	5	9
5	12	4
5	12	4
5	12	8
14	7	14
14	7	15
14	7	11
12	5	12
12	5	13
12	5	9
5	12	5
5	12	4
5	12	8
5	12	5
5	12	4
5	12	8
14	7	14
14	7	15
1	8	1
14	7	11
1	8	0
1	8	4
1	8	4
3	10	3
1	8	4
3	10	2
3	10	6
10	3	10
10	3	11
12	5	12
10	3	11
10	3	11
12	5	13
10	3	11
12	5	9
10	3	11
10	3	11
10	3	7
3	10	3
3	10	2
3	10	6
12	5	12
12	5	13
12	5	9
3	10	3
3	10	2
3	10	6
7	14	7
7	14	6
7	14	6
7	14	6
7	14	6
7	14	6
7	14	6
7	14	6
7	14	6
3	10	3
7	14	6
7	14	6
3	10	2
7	14	6
7	14	6
3	10	6
7	14	6
7	14	6
7	14	6
7	14	6
7	14	6
7	14	6
7	14	6
7	14	6
7	14	6
7	14	6
7	14	6
7	14	6
7	14	6
7	14	6
1	8	1
7	14	6
7	14	6
1	8	0
7	14	6
10	3	10
1	8	4
7	14	10
10	3	11
10	3	7
7	14	7
7	14	7
7	14	6
7	14	6
7	14	10
14	7	14
14	7	15
14	7	11
12	5	12
12	5	13
12	5	9
3	10	3
3	10	2
3	10	6
14	7	14
14	7	15
14	7	11
12	5	12
12	5	13
12	5	9
5	12	5
5	12	4
7	14	7
5	12	8
7	14	6
7	14	10
10	3	10
10	3	11
5	12	5
10	3	7
5	12	4
5	12	8
1	8	1
12	5	12
14	7	14
1	8	0
12	5	13
14	7	15
1	8	4
1	8	4
12	5	9
14	7	11
1	8	4
14	7	11
1	8	4
14	7	11
1	8	4
1	8	4
1	8	4
7	14	7
7	14	6
7	14	10
10	3	10
10	3	11
1	8	1
10	3	11
1	8	0
10	3	7
1	8	4
7	14	7
7	14	6
7	14	10
3	10	3
3	10	2
7	14	7
3	10	6
7	14	6
7	14	6
7	14	6
7	14	6
7	14	6
7	14	6
7	14	6
7	14	6
7	14	6
7	14	6
7	14	6
5	12	5
7	14	6
7	14	6
5	12	4
7	14	6
7	14	6
7	14	6
5	12	8
7	14	6
7	14	10
5	12	5
5	12	4
5	12	8
5	12	5
5	12	4
3	10	3
5	12	8
7	14	7
3	10	2
7	14	6
3	10	6
3	10	6
7	14	10
3	10	6
3	10	6
3	10	6
3	10	6
3	10	6
3	10	6
3	10	6
3	10	6
3	10	6
3	10	6
3	10	3
3	10	6
3	10	6
3	10	6
3	10	6
12	5	12
3	10	2
12	5	13
3	10	2
12	5	9
3	10	6
3	10	6
10	3	10
10	3	11
10	3	7
14	7	14
14	7	15
14	7	11
3	10	3
3	10	2
3	10	6
10	3	10
3	10	3
10	3	11
3	10	2
10	3	7
3	10	6
12	5	12
12	5	13
12	5	9
7	14	7
7	14	6
7	14	10
7	14	7
7	14	6
7	14	10
7	14	7
7	14	6
7	14	10
12	5	12
12	5	13
12	5	9
1	8	1
1	8	0
1	8	4
7	14	7
7	14	6
7	14	10
14	7	14
14	7	15
14	7	11
3	10	3
7	14	7
3	10	2
7	14	6
3	10	6
7	14	10
3	10	6
3	10	6
3	10	6
3	10	6
3	10	6
3	10	6
3	10	6
5	12	5
3	10	6
3	10	6
1	8	1
5	12	4
3	10	6
8	1	8
3	10	6
1	8	0
3	10	6
5	12	8
8	1	9
3	10	6
10	3	10
1	8	4
8	1	5
3	10	6
1	8	4
10	3	11
1	8	4
1	8	4
10	3	7
1	8	4
1	8	4
1	8	4
1	8	4
1	8	4
1	8	4
1	8	4
12	5	12
1	8	4
1	8	4
12	5	13
12	5	9
10	3	10
10	3	11
10	3	7
3	10	3
12	5	12
3	10	2
12	5	13
3	10	6
12	5	9
10	3	10
10	3	11
10	3	7
8	1	8
8	1	9
8	1	9
8	1	9
8	1	9
8	1	9
8	1	9
8	1	9
8	1	9
8	1	9
8	1	9
8	1	5
8	1	8
8	1	8
12	5	12
12	5	13
12	5	9
12	5	9
8	1	9
12	5	9
8	1	9
14	7	14
8	1	9
8	1	9
14	7	15
8	1	9
8	1	9
14	7	11
8	1	9
8	1	9
8	1	9
8	1	9
8	1	9
8	1	9
8	1	9
8	1	9
8	1	9
8	1	9
8	1	9
8	1	9
8	1	5
14	7	14
14	7	15
14	7	11
10	3	10
10	3	11
10	3	11
10	3	11
10	3	11
10	3	11
10	3	11
10	3	11
10	3	11
10	3	11
10	3	11
10	3	7
1	8	1
1	8	0
1	8	4
7	14	7
7	14	6
7	14	10
8	1	8
8	1	9
8	1	5
7	14	7
7	14	6
7	14	10
1	8	1
8	1	8
1	8	0
8	1	9
10	3	10
1	8	4
8	1	5
10	3	11
10	3	7
3	10	3
3	10	2
5	12	5
3	10	6
5	12	4
10	3	10
5	12	8
10	3	11
10	3	7
14	7	14
14	7	15
14	7	11
8	1	8
10	3	10
8	1	9
10	3	11
5	12	5
10	3	11
8	1	5
10	3	11
5	12	4
10	3	11
10	3	11
5	12	8
10	3	11
10	3	11
10	3	11
10	3	11
10	3	11
14	7	14
10	3	11
10	3	11
14	7	15
10	3	11
14	7	11
10	3	11
10	3	11
10	3	11
10	3	11
10	3	11
10	3	11
10	3	11
10	3	11
10	3	11
10	3	11
10	3	11
10	3	11
10	3	11
10	3	11
10	3	11
10	3	11
10	3	11
10	3	7
3	10	3
3	10	2
5	12	5
5	12	4
3	10	6
5	12	8
1	8	1
10	3	10
1	8	0
10	3	11
1	8	4
10	3	7
8	1	8
8	1	9
8	1	5
10	3	10
10	3	11
10	3	7
5	12	5
1	8	1
5	12	4
10	3	10
1	8	0
5	12	8
10	3	11
1	8	4
10	3	7
1	8	4
1	8	4
1	8	4
1	8	4
1	8	4
1	8	4
1	8	4
1	8	4
1	8	4
1	8	4
1	8	4
1	8	4
3	10	3
3	10	2
3	10	6
14	7	14
14	7	15
14	7	11
5	12	5
5	12	4
8	1	8
5	12	8
8	1	9
7	14	7
8	1	5
7	14	6
10	3	10
7	14	10
10	3	11
10	3	7
7	14	7
7	14	6
5	12	5
7	14	10
5	12	4
14	7	14
5	12	8
14	7	15
14	7	11
7	14	7
7	14	6
7	14	10
10	3	10
10	3	11
10	3	7
12	5	12
12	5	13
12	5	9
12	5	12
12	5	13
3	10	3
12	5	9
3	10	2
3	10	6
14	7	14
8	1	8
14	7	15
8	1	9
14	7	11
8	1	5
1	8	1
1	8	0
1	8	4
1	8	1
1	8	0
5	12	5
1	8	4
5	12	4
5	12	4
5	12	4
5	12	4
5	12	4
5	12	4
5	12	4
5	12	4
5	12	4
5	12	4
5	12	4
1	8	1
5	12	4
5	12	4
1	8	0
5	12	4
5	12	4
5	12	4
1	8	4
1	8	4
1	8	4
5	12	8
1	8	4
1	8	4
1	8	4
1	8	4
5	12	5
1	8	4
5	12	5
1	8	4
1	8	4
1	8	4
1	8	4
1	8	4
1	8	4
1	8	4
1	8	4
5	12	4
1	8	4
5	12	4
5	12	4
5	12	4
5	12	4
5	12	4
5	12	4
5	12	4
5	12	4
5	12	4
5	12	4
5	12	4
5	12	4
5	12	4
5	12	4
5	12	4
1	8	1
5	12	4
5	12	4
1	8	0
5	12	8
1	8	4
1	8	4
14	7	14
1	8	4
1	8	4
5	12	5
14	7	15
1	8	4
5	12	5
1	8	4
14	7	11
1	8	4
3	10	3
1	8	4
1	8	4
3	10	2
1	8	4
1	8	4
1	8	4
3	10	6
1	8	4
5	12	4
5	12	4
1	8	4
1	8	4
1	8	4
5	12	8
1	8	4
1	8	4
1	8	4
1	8	4
1	8	4
1	8	4
1	8	4
3	10	3
1	8	4
1	8	4
3	10	2
1	8	4
1	8	4
1	8	4
3	10	6
1	8	4
1	8	4
5	12	5
5	12	4
5	12	4
5	12	4
5	12	4
5	12	4
5	12	4
5	12	4
7	14	7
5	12	4
5	12	4
7	14	6
5	12	4
7	14	6
5	12	4
5	12	4
7	14	10
5	12	8
7	14	7
7	14	6
7	14	6
7	14	10
3	10	3
3	10	2
3	10	6
5	12	5
5	12	4
5	12	8
10	3	10
10	3	11
10	3	7
12	5	12
10	3	10
12	5	13
10	3	11
12	5	9
10	3	7
8	1	8
8	1	9
8	1	5
8	1	8
8	1	9
8	1	5
5	12	5
5	12	4
7	14	7
7	14	6
5	12	8
7	14	10
12	5	12
12	5	13
12	5	9
7	14	7
7	14	6
7	14	10
3	10	3
3	10	2
3	10	6
3	10	6
3	10	6
3	10	6
3	10	6
3	10	6
3	10	6
3	10	6
7	14	7
3	10	6
3	10	6
7	14	6
7	14	6
7	14	6
7	14	6
7	14	6
7	14	6
7	14	6
7	14	6
1	8	1
7	14	6
7	14	6
1	8	0
7	14	6
7	14	6
12	5	12
1	8	4
7	14	6
7	14	6
12	5	13
7	14	6
7	14	6
12	5	9
7	14	6
14	7	14
7	14	10
14	7	15
14	7	11
3	10	3
3	10	2
8	1	8
3	10	6
8	1	9
3	10	6
8	1	9
3	10	6
8	1	9
3	10	6
7	14	7
8	1	9
3	10	6
8	1	9
3	10	6
7	14	6
8	1	9
7	14	6
3	10	6
8	1	5
3	10	6
3	10	6
7	14	10
3	10	6
3	10	6
3	10	6
3	10	6
3	10	6
3	10	6
3	10	6
5	12	5
3	10	6
3	10	6
5	12	4
3	10	6
3	10	6
7	14	7
3	10	6
5	12	8
3	10	6
7	14	6
3	10	6
7	14	6
7	14	6
7	14	6
7	14	6
7	14	6
7	14	6
7	14	6
7	14	6
7	14	6
7	14	6
7	14	6
8	1	8
7	14	6
7	14	6
8	1	9
7	14	6
8	1	5
7	14	6
7	14	6
7	14	6
10	3	10
7	14	10
10	3	11
10	3	7
10	3	10
10	3	11
10	3	7
1	8	1
5	12	5
1	8	0
5	12	4
1	8	4
1	8	4
5	12	8
1	8	4
1	8	4
1	8	4
1	8	4
1	8	4
1	8	4
1	8	4
1	8	4
1	8	4
3	10	3
1	8	4
1	8	1
1	8	4
3	10	2
1	8	4
1	8	4
1	8	4
3	10	6
1	8	0
1	8	0
8	1	8
8	1	9
1	8	4
1	8	4
8	1	5
7	14	7
7	14	6
7	14	10
7	14	7
7	14	6
7	14	10
12	5	12
12	5	13
12	5	9
14	7	14
14	7	15
14	7	11
5	12	5
5	12	4
5	12	8
3	10	3
3	10	2
3	10	6
3	10	3
3	10	2
3	10	6
8	1	8
8	1	9
8	1	5
3	10	3
3	10	2
3	10	6
10	3	10
10	3	11
10	3	7
7	14	7
7	14	6
7	14	10
1	8	1
1	8	0
1	8	4
12	5	12
12	5	13
12	5	9
12	5	12
12	5	13
1	8	1
12	5	9
1	8	0
1	8	4
12	5	12
12	5	13
12	5	9
3	10	3
3	10	2
14	7	14
3	10	6
14	7	15
14	7	11
3	10	3
3	10	2
3	10	6
12	5	12
12	5	13
12	5	9
8	1	8
8	1	9
8	1	5
8	1	8
8	1	9
8	1	5
1	8	1
1	8	0
1	8	4
8	1	8
8	1	9
8	1	5
7	14	7
7	14	6
7	14	10
3	10	3
3	10	2
14	7	14
3	10	6
3	10	6
14	7	15
3	10	6
3	10	6
14	7	11
3	10	6
3	10	6
3	10	6
3	10	6
12	5	12
12	5	13
12	5	9
5	12	5
5	12	4
5	12	8
3	10	3
3	10	2
3	10	6
10	3	10
10	3	11
10	3	7
5	12	5
5	12	4
12	5	12
5	12	8
12	5	13
3	10	3
12	5	9
3	10	2
3	10	6
Noxim simulation completed.
 ( 11000 cycles executed)
GlobalStats initialised

detailed = [
%  src  dst delay avg delay max     throughput       energy    received    received
%              cycles    cycles    flits/cycle        Joule     packets       flits
     0    0   3.24731        17       0.074564           -1          93         744
% Aggregated average delay (cycles): 3.24731
% Aggregated average throughput (flits/cycle): 0.074564
%  src  dst delay avg delay max     throughput       energy    received    received
%              cycles    cycles    flits/cycle        Joule     packets       flits
     8    1   9.87654        32      0.0654744           -1          81         648
% Aggregated average delay (cycles): 9.87654
% Aggregated average throughput (flits/cycle): 0.0654744
%  src  dst delay avg delay max     throughput       energy    received    received
%              cycles    cycles    flits/cycle        Joule     packets       flits
     2    2       3.2        17      0.0568643           -1          70         560
% Aggregated average delay (cycles): 3.2
% Aggregated average throughput (flits/cycle): 0.0568643
%  src  dst delay avg delay max     throughput       energy    received    received
%              cycles    cycles    flits/cycle        Joule     packets       flits
    10    3   12.8404        55      0.0752602           -1          94         752
% Aggregated average delay (cycles): 12.8404
% Aggregated average throughput (flits/cycle): 0.0752602
%  src  dst delay avg delay max     throughput       energy    received    received
%              cycles    cycles    flits/cycle        Joule     packets       flits
     4    4   3.81633        29      0.0794326           -1          98         784
% Aggregated average delay (cycles): 3.81633
% Aggregated average throughput (flits/cycle): 0.0794326
%  src  dst delay avg delay max     throughput       energy    received    received
%              cycles    cycles    flits/cycle        Joule     packets       flits
    12    5   9.37805        24      0.0655131           -1          82         655
% Aggregated average delay (cycles): 9.37805
% Aggregated average throughput (flits/cycle): 0.0655131
%  src  dst delay avg delay max     throughput       energy    received    received
%              cycles    cycles    flits/cycle        Joule     packets       flits
     6    6   3.08108        26      0.0593484           -1          74         592
% Aggregated average delay (cycles): 3.08108
% Aggregated average throughput (flits/cycle): 0.0593484
%  src  dst delay avg delay max     throughput       energy    received    received
%              cycles    cycles    flits/cycle        Joule     packets       flits
    14    7   10.2667        38      0.0605022           -1          75         600
% Aggregated average delay (cycles): 10.2667
% Aggregated average throughput (flits/cycle): 0.0605022
%  src  dst delay avg delay max     throughput       energy    received    received
%              cycles    cycles    flits/cycle        Joule     packets       flits
     1    8   10.9518        37      0.0671929           -1          83         664
% Aggregated average delay (cycles): 10.9518
% Aggregated average throughput (flits/cycle): 0.0671929
%  src  dst delay avg delay max     throughput       energy    received    received
%              cycles    cycles    flits/cycle        Joule     packets       flits
     9    9   3.25556        21      0.0725953           -1          90         720
% Aggregated average delay (cycles): 3.25556
% Aggregated average throughput (flits/cycle): 0.0725953
%  src  dst delay avg delay max     throughput       energy    received    received
%              cycles    cycles    flits/cycle        Joule     packets       flits
     3   10   10.3626        30      0.0729146           -1          91         729
% Aggregated average delay (cycles): 10.3626
% Aggregated average throughput (flits/cycle): 0.0729146
%  src  dst delay avg delay max     throughput       energy    received    received
%              cycles    cycles    flits/cycle        Joule     packets       flits
    11   11   3.23171        28      0.0665517           -1          82         656
% Aggregated average delay (cycles): 3.23171
% Aggregated average throughput (flits/cycle): 0.0665517
%  src  dst delay avg delay max     throughput       energy    received    received
%              cycles    cycles    flits/cycle        Joule     packets       flits
     5   12   12.3373        62      0.0670134           -1          83         670
% Aggregated average delay (cycles): 12.3373
% Aggregated average throughput (flits/cycle): 0.0670134
%  src  dst delay avg delay max     throughput       energy    received    received
%              cycles    cycles    flits/cycle        Joule     packets       flits
    13   13   3.86667        19      0.0724492           -1          90         720
% Aggregated average delay (cycles): 3.86667
% Aggregated average throughput (flits/cycle): 0.0724492
%  src  dst delay avg delay max     throughput       energy    received    received
%              cycles    cycles    flits/cycle        Joule     packets       flits
     7   14   12.5116        40      0.0694458           -1          86         688
% Aggregated average delay (cycles): 12.5116
% Aggregated average throughput (flits/cycle): 0.0694458
%  src  dst delay avg delay max     throughput       energy    received    received
%              cycles    cycles    flits/cycle        Joule     packets       flits
    15   15   3.57407        21      0.0872287           -1         108         864
% Aggregated average delay (cycles): 3.57407
% Aggregated average throughput (flits/cycle): 0.0872287
];

max_delay = [
       17    32    17    55
       29    24    26    38
       37    21    30    28
       62    19    40    21
];

routed_flits = [
          760         0       855         0
         1528       744      1630       848
          768      1512       776      1504
            0       768         0       656
];
power_dynamic = [
	0.000000e+00	 % antenna_buffer_front_pwr_d
	0.000000e+00	 % antenna_buffer_pop_pwr_d
	0.000000e+00	 % antenna_buffer_push_pwr_d
	0.000000e+00	 % buffer_from_tile_front_pwr_d
	0.000000e+00	 % buffer_from_tile_pop_pwr_d
	0.000000e+00	 % buffer_from_tile_push_pwr_d
	0.000000e+00	 % buffer_front_pwr_d
	1.647337e-08	 % buffer_pop_pwr_d
	2.350999e-08	 % buffer_push_pwr_d
	0.000000e+00	 % buffer_to_tile_front_pwr_d
	0.000000e+00	 % buffer_to_tile_pop_pwr_d
	0.000000e+00	 % buffer_to_tile_push_pwr_d
	6.817629e-09	 % crossbar_pwr_d
	0.000000e+00	 % link_r2h_pwr_d
	4.817380e-08	 % link_r2r_pwr_d
	1.040314e-08	 % ni_pwr_d
	1.995600e-10	 % routing_pwr_d
	1.663000e-10	 % selection_pwr_d
	0.000000e+00	 % wireless_dynamic_rx_pwr
	0.000000e+00	 % wireless_snooping
	0.000000e+00	 % wireless_tx
];
power_static = [
	0.000000e+00	 % antenna_buffer_pwr_s
	0.000000e+00	 % buffer_from_tile_pwr_s
	1.816000e-06	 % buffer_router_pwr_s
	0.000000e+00	 % buffer_to_tile_pwr_s
	1.198400e-07	 % crossbar_pwr_s
	2.611200e-09	 % link_r2h_pwr_s
	1.382400e-07	 % ni_pwr_s
	1.920000e-08	 % routing_pwr_s
	1.760000e-08	 % selection_pwr_s
	0.000000e+00	 % transceiver_rx_pwr_biasing
	0.000000e+00	 % transceiver_rx_pwr_s
	0.000000e+00	 % transceiver_tx_pwr_biasing
	0.000000e+00	 % transceiver_tx_pwr_s
];
wirxsleep_stats = [
%	Total Sleep Cycles (T), antenna BufferRX sleep cycles (ARX), BufferToTile sleep cycles (TTRX) 
%	HUB	T	ARX	TTRX	
	0	0.00	-nan	-nan
	1	0.00	-nan	-nan
	2	0.00	-nan	-nan
	3	0.00	-nan	-nan
];
% Total received packets: 1380
% Total received flits: 11046
% Global average delay (cycles): 7.18696
% Global average throughput (flits/cycle): 0.0695219
% Throughput (flits/cycle/IP): 0.0767083
% Max delay (cycles): 62
% Total energy (J): 2.21923e-06
% 	Dynamic energy (J): 1.05744e-07
% 	Static energy (J): 2.11349e-06
