0.0053 24.9686 0.000137624 0.0034362786064 0.0857990660118
0.0056 25.3123 0.000138127 0.0034963120621 0.0884996998095
0.0059 25.5014 0.000138451 0.0035306943314 0.0900376484228
0.0062 25.4644 0.000138683 0.0035314793852 0.0899270036565
0.0065 25.965 0.00013913 0.00361251045 0.0937988338343
0.0068 25.909 0.000139405 0.003611844145 0.0935792699528
0.0071 26.1171 0.000139716 0.0036489767436 0.0953006905103
0.0074 26.2463 0.00014008 0.003676581704 0.0964966663777
0.0077 26.3636 0.000140332 0.0036996567152 0.0975362697768
0.008 26.6575 0.000140758 0.003752256385 0.100025774583
0.0083 26.7468 0.000141113 0.0037743211884 0.100951013962
0.0086 27.0107 0.000141418 0.0038197991726 0.103175449511
0.0089 27.0735 0.000141688 0.003835990068 0.103853677106
0.0092 27.2617 0.000142113 0.0038742419721 0.105618422371
0.0095 27.6143 0.000142448 0.0039336018064 0.108623660362
0.0098 27.6497 0.000142679 0.0039450315463 0.109078938746
0.0101 27.8216 0.000143035 0.003979462556 0.110715015448
0.0104 28.1337 0.000143421 0.0040349633877 0.113518449461
0.0107 28.2987 0.000143758 0.0040681645146 0.115123767149
0.011 28.4972 0.000144071 0.0041056201012 0.116998677148
0.0113 28.967 0.000144378 0.004182197526 0.121145715736
0.0116 29.1714 0.000144674 0.0042203431236 0.123113317396
0.0119 29.3765 0.000144997 0.0042595043705 0.12512933014
0.0122 29.9626 0.000145419 0.0043571313294 0.13055098317
0.0125 30.148 0.000145702 0.004392623896 0.132428825217
0.0128 30.5053 0.000146038 0.0044549330014 0.135899067688
0.0131 31.2665 0.000146482 0.004579979453 0.143199927567
0.0134 31.4117 0.000146692 0.0046078450964 0.144740247815
0.0137 31.7162 0.000147029 0.0046632011698 0.147899020942
0.014 32.46 0.000147394 0.00478440924 0.15530192393
0.0143 33.4004 0.000147848 0.0049381823392 0.164937265402
0.0146 33.629 0.000148071 0.004979479659 0.167454921453
0.0149 34.2724 0.000148446 0.0050876006904 0.174364285902
0.0152 35.2044 0.000148755 0.005236830522 0.184359476429
0.0155 35.8976 0.000148993 0.0053484911168 0.191997994714
0.0158 36.5966 0.000149287 0.0054633966242 0.199941740897
0.0161 38.3121 0.000149715 0.0057358960515 0.219754223115
0.0164 39.6639 0.0001501 0.00595355139 0.236141066978
0.0167 40.9428 0.000150301 0.0061537437828 0.25195150095
0.017 44.5873 0.000150761 0.0067220259353 0.299716986985
0.0173 46.0169 0.000151047 0.0069507146943 0.319850343016
0.0176 50.6531 0.000151443 0.0076710574233 0.388562838768
0.0179 55.4206 0.000151736 0.0084093001616 0.466048460536
0.0182 58.9041 0.000152034 0.0089554259394 0.527511305077
0.0185 71.9419 0.000152634 0.0109807799646 0.789978174135
0.0188 76.4703 0.000152692 0.0116764030476 0.892898043971
0.0191 91.7617 0.000152967 0.0140365119639 1.28801419988
0.0194 147.246 0.000153203 0.022558528938 3.321653152
0.0197 170.155 0.000153408 0.02610313824 4.44157948723
