0 0
16 1
32 2
48 3
64 4
80 5
96 6
112 7
128 8
144 9
160 10
176 11
192 12
208 13
224 14
240 15
1 16
17 17
33 18
49 19
65 20
81 21
97 22
113 23
129 24
145 25
161 26
177 27
193 28
209 29
225 30
241 31
2 32
18 33
34 34
50 35
66 36
82 37
98 38
114 39
130 40
146 41
162 42
178 43
194 44
210 45
226 46
242 47
3 48
19 49
35 50
51 51
67 52
83 53
99 54
115 55
131 56
147 57
163 58
179 59
195 60
211 61
227 62
243 63
4 64
20 65
36 66
52 67
68 68
84 69
100 70
116 71
132 72
148 73
164 74
180 75
196 76
212 77
228 78
244 79
5 80
21 81
37 82
53 83
69 84
85 85
101 86
117 87
133 88
149 89
165 90
181 91
197 92
213 93
229 94
245 95
6 96
22 97
38 98
54 99
70 100
86 101
102 102
118 103
134 104
150 105
166 106
182 107
198 108
214 109
230 110
246 111
7 112
23 113
39 114
55 115
71 116
87 117
103 118
119 119
135 120
151 121
167 122
183 123
199 124
215 125
231 126
247 127
8 128
24 129
40 130
56 131
72 132
88 133
104 134
120 135
136 136
152 137
168 138
184 139
200 140
216 141
232 142
248 143
9 144
25 145
41 146
57 147
73 148
89 149
105 150
121 151
137 152
153 153
169 154
185 155
201 156
217 157
233 158
249 159
10 160
26 161
42 162
58 163
74 164
90 165
106 166
122 167
138 168
154 169
170 170
186 171
202 172
218 173
234 174
250 175
11 176
27 177
43 178
59 179
75 180
91 181
107 182
123 183
139 184
155 185
171 186
187 187
203 188
219 189
235 190
251 191
12 192
28 193
44 194
60 195
76 196
92 197
108 198
124 199
140 200
156 201
172 202
188 203
204 204
220 205
236 206
252 207
13 208
29 209
45 210
61 211
77 212
93 213
109 214
125 215
141 216
157 217
173 218
189 219
205 220
221 221
237 222
253 223
14 224
30 225
46 226
62 227
78 228
94 229
110 230
126 231
142 232
158 233
174 234
190 235
206 236
222 237
238 238
254 239
15 240
31 241
47 242
63 243
79 244
95 245
111 246
127 247
143 248
159 249
175 250
191 251
207 252
223 253
239 254
255 255
