255 0
239 1
223 2
207 3
191 4
175 5
159 6
143 7
127 8
111 9
95 10
79 11
63 12
47 13
31 14
15 15
254 16
238 17
222 18
206 19
190 20
174 21
158 22
142 23
126 24
110 25
94 26
78 27
62 28
46 29
30 30
14 31
253 32
237 33
221 34
205 35
189 36
173 37
157 38
141 39
125 40
109 41
93 42
77 43
61 44
45 45
29 46
13 47
252 48
236 49
220 50
204 51
188 52
172 53
156 54
140 55
124 56
108 57
92 58
76 59
60 60
44 61
28 62
12 63
251 64
235 65
219 66
203 67
187 68
171 69
155 70
139 71
123 72
107 73
91 74
75 75
59 76
43 77
27 78
11 79
250 80
234 81
218 82
202 83
186 84
170 85
154 86
138 87
122 88
106 89
90 90
74 91
58 92
42 93
26 94
10 95
249 96
233 97
217 98
201 99
185 100
169 101
153 102
137 103
121 104
105 105
89 106
73 107
57 108
41 109
25 110
9 111
248 112
232 113
216 114
200 115
184 116
168 117
152 118
136 119
120 120
104 121
88 122
72 123
56 124
40 125
24 126
8 127
247 128
231 129
215 130
199 131
183 132
167 133
151 134
135 135
119 136
103 137
87 138
71 139
55 140
39 141
23 142
7 143
246 144
230 145
214 146
198 147
182 148
166 149
150 150
134 151
118 152
102 153
86 154
70 155
54 156
38 157
22 158
6 159
245 160
229 161
213 162
197 163
181 164
165 165
149 166
133 167
117 168
101 169
85 170
69 171
53 172
37 173
21 174
5 175
244 176
228 177
212 178
196 179
180 180
164 181
148 182
132 183
116 184
100 185
84 186
68 187
52 188
36 189
20 190
4 191
243 192
227 193
211 194
195 195
179 196
163 197
147 198
131 199
115 200
99 201
83 202
67 203
51 204
35 205
19 206
3 207
242 208
226 209
210 210
194 211
178 212
162 213
146 214
130 215
114 216
98 217
82 218
66 219
50 220
34 221
18 222
2 223
241 224
225 225
209 226
193 227
177 228
161 229
145 230
129 231
113 232
97 233
81 234
65 235
49 236
33 237
17 238
1 239
240 240
224 241
208 242
192 243
176 244
160 245
144 246
128 247
112 248
96 249
80 250
64 251
48 252
32 253
16 254
0 255
