0.0053 24.7334
0.0056 25.1408
0.0059 25.0927
0.0062 25.1822
0.0065 25.6551
0.0068 25.8157
0.0071 26.0966
0.0074 26.2461
0.0077 26.7776
0.008 27.028
0.0083 27.5375
0.0086 27.4016
0.0089 28.1535
0.0092 28.9757
0.0095 30.1456
0.0098 31.2418
0.0101 32.4196
0.0104 37.1468
0.0107 46.0415
0.011 41.1103
0.0113 73.8557
0.0116 79.703
0.0119 112.242
0.0122 113.063
0.0125 143.112
0.0128 175.999
0.0131 179.15
0.0134 172.051
0.0137 175.832
0.014 202.238
0.0143 245.624
0.0146 233.946
0.0149 248.811
0.0152 245.797
0.0155 256.363
0.0158 280.526
0.0161 298.743
0.0164 300.984
0.0167 322.704
0.017 327.109
0.0173 330.908
0.0176 367.039
0.0179 347.87
0.0182 343.537
0.0185 386.009
0.0188 389.302
0.0191 425.416
0.0194 416.792
0.0197 429.647
