0.0053 24.7334 0.000138399 0.0034230778266 0.0846643531164
0.0056 25.1408 0.000138776 0.0034889396608 0.0877147342242
0.0059 25.0927 0.000138985 0.0034875089095 0.0875110148134
0.0062 25.1822 0.000139376 0.0035097943072 0.0883843422028
0.0065 25.6551 0.000139703 0.0035840944353 0.0919503011471
0.0068 25.8157 0.000140045 0.0036153597065 0.0933330415751
0.0071 26.0966 0.000140419 0.0036644584754 0.0956299070491
0.0074 26.2461 0.000140736 0.0036937711296 0.0969470864446
0.0077 26.7776 0.000141156 0.0037798189056 0.101214478727
0.008 27.028 0.000141368 0.003820894304 0.103271131249
0.0083 27.5375 0.000141781 0.0039042942875 0.107514503942
0.0086 27.4016 0.000142012 0.0038913560192 0.106629381096
0.0089 28.1535 0.000142313 0.0040066090455 0.112800067762
0.0092 28.9757 0.000142747 0.0041361942479 0.119849123669
0.0095 30.1456 0.000143135 0.004314890456 0.13007496173
0.0098 31.2418 0.000143394 0.0044798866692 0.139959723342
0.0101 32.4196 0.000143753 0.0046604147588 0.151088782314
0.0104 37.1468 0.00014396 0.005347653328 0.198648208645
0.0107 46.0415 0.000144403 0.0066485307245 0.306108327352
0.011 41.1103 0.0001447 0.00594866041 0.244551214053
0.0113 73.8557 0.000145033 0.0107115137381 0.791106345187
0.0116 79.703 0.000145251 0.011576940453 0.922716884925
0.0119 112.242 0.000145487 0.016329751854 1.8328840076
0.0122 113.063 0.000145639 0.016466382257 1.86173857712
0.0125 143.112 0.000145904 0.020880613248 2.98826632315
0.0128 175.999 0.000146059 0.025706237941 4.52427217138
0.0131 179.15 0.000146183 0.02618868445 4.69170281922
0.0134 172.051 0.000146245 0.025161598495 4.32907818266
0.0137 175.832 0.000146269 0.025718770808 4.52218290871
0.014 202.238 0.000146387 0.029605014106 5.98725884277
0.0143 245.624 0.000146478 0.035978512272 8.8371860983
0.0146 233.946 0.000146529 0.034279873434 8.01963927039
0.0149 248.811 0.000146521 0.036456036531 9.07066290531
0.0152 245.797 0.000146639 0.036043426283 8.85936605008
0.0155 256.363 0.000146586 0.037579226718 9.63392329911
0.0158 280.526 0.000146659 0.041141662634 11.5413060521
0.0161 298.743 0.000146591 0.043793035113 13.0828626888
0.0164 300.984 0.000146579 0.044117933736 13.2787921676
0.0167 322.704 0.000146618 0.047314215072 15.2684864606
0.017 327.109 0.000146704 0.047988198736 15.6973717003
0.0173 330.908 0.00014646 0.04846478568 16.0373852998
0.0176 367.039 0.00014655 0.05378956545 19.7428683132
0.0179 347.87 0.000146571 0.05098765377 17.737075117
0.0182 343.537 0.00014653 0.05033847661 17.2931292392
0.0185 386.009 0.000146535 0.056563828815 21.834146997
0.0188 389.302 0.00014644 0.05700938488 22.1938675526
0.0191 425.416 0.00014652 0.06233195232 26.5170098282
0.0194 416.792 0.000146319 0.060984588648 25.4178886718
0.0197 429.647 0.000146415 0.062906765505 27.0277030789
