0.0053 24.7426
0.0056 24.9679
0.0059 25.1488
0.0062 25.4207
0.0065 25.5467
0.0068 25.6175
0.0071 25.9208
0.0074 26.2454
0.0077 26.847
0.008 26.954
0.0083 27.2225
0.0086 27.8144
0.0089 28.6901
0.0092 28.8757
0.0095 30.2887
0.0098 30.535
0.0101 33.2755
0.0104 32.8234
0.0107 42.491
0.011 41.242
0.0113 77.5132
0.0116 86.9213
0.0119 96.9092
0.0122 86.0985
0.0125 99.0074
0.0128 139.006
0.0131 132.159
0.0134 145.681
0.0137 169.778
0.014 172.893
0.0143 175.394
0.0146 198.408
0.0149 198.901
0.0152 241.063
0.0155 251.605
0.0158 261.986
0.0161 238.575
0.0164 235.985
0.0167 277.651
0.017 263.893
0.0173 282.428
0.0176 281.586
0.0179 316.859
0.0182 307.928
0.0185 310.537
0.0188 321.006
0.0191 366.234
0.0194 367.837
0.0197 332.706

