0.0053 25.2892 0.000137745 0.003483460854 0.088093938229
0.0056 25.6291 0.000138078 0.0035388148698 0.0906966401796
0.0059 25.5227 0.000138417 0.0035327755659 0.0901659709358
0.0062 25.7903 0.000138737 0.0035780688511 0.0922794690905
0.0065 25.7913 0.000139075 0.0035869250475 0.0925114599776
0.0068 26.069 0.000139437 0.003634983153 0.0947603758156
0.0071 26.2546 0.000139708 0.0036679776568 0.0963012861882
0.0074 26.5626 0.000140144 0.0037225890144 0.0988816429539
0.0077 26.5023 0.000140367 0.0037200483441 0.0985898372298
0.008 26.7328 0.000140652 0.0037600217856 0.10051591039
0.0083 27.139 0.000141036 0.003827576004 0.103876585173
0.0086 27.3286 0.00014131 0.003861804466 0.10553770953
0.0089 27.7322 0.000141796 0.0039323150312 0.109051746908
0.0092 28.0181 0.000142055 0.0039801111955 0.111515153487
0.0095 28.2823 0.000142365 0.0040264096395 0.113876125347
0.0098 28.6245 0.000142691 0.0040844585295 0.116915583178
0.0101 29.1028 0.00014303 0.004162573484 0.12114254359
0.0104 29.1163 0.000143194 0.0041692794622 0.121393991605
0.0107 29.8407 0.000143742 0.0042893618994 0.127997561631
0.011 30.9039 0.000144153 0.0044548898967 0.137673471879
0.0113 31.3011 0.000144383 0.0045193467213 0.141460523658
0.0116 32.2671 0.000144733 0.0046701141843 0.150691041396
0.0119 32.4225 0.00014499 0.004700938275 0.152416171221
0.0122 34.4513 0.000145426 0.0050101147538 0.172604966418
0.0125 36.0968 0.00014569 0.005258942792 0.189831006174
0.0128 37.8366 0.000146141 0.0055294785606 0.209216668506
0.0131 41.9862 0.000146407 0.0061470735834 0.258092260887
0.0134 41.7237 0.000146752 0.0061230364224 0.255475734777
0.0137 46.1182 0.000146971 0.0067780379722 0.31259091081
0.014 46.6782 0.000147372 0.0068790596904 0.32110212404
0.0143 52.1398 0.000147751 0.0077037075898 0.401669772991
0.0146 53.5088 0.000148034 0.0079211216992 0.423849716778
0.0149 55.3001 0.000148339 0.0082031615339 0.453635653141
0.0152 60.1322 0.000148618 0.0089367272996 0.537385073325
0.0155 62.9659 0.00014912 0.009389475008 0.591216744406
0.0158 64.5363 0.00014924 0.009631397412 0.6215747528
0.0161 69.2309 0.000149612 0.0103577734108 0.717077975226
0.0164 72.662 0.000150046 0.010902642452 0.792207805847
0.0167 76.6956 0.000150387 0.0115340211972 0.884608676132
0.017 82.8865 0.000150697 0.0124907468905 1.03531429214
0.0173 82.5768 0.000151019 0.0124706657592 1.02978767226
0.0176 98.8241 0.00015151 0.014972839391 1.47967737726
0.0179 103.789 0.000151578 0.015732129042 1.63282194114
0.0182 103.221 0.000151903 0.015679579563 1.61846188207
0.0185 147.888 0.000152281 0.022520532528 3.3305165145
0.0188 130.507 0.000152351 0.019882871957 2.59485397049
0.0191 147.018 0.000152604 0.022435534872 3.29842746581
0.0194 201.792 0.000152847 0.030843301824 6.22393156167
0.0197 246.615 0.000152806 0.03768425169 9.29350173053
0.02 231.974 0.000152889 0.035466272886 8.22725318646
0.0203 286.448 0.000152868 0.043788732864 12.5431949514
0.0206 341.624 0.000152841 0.052214153784 17.8376080723
0.0209 326.741 0.00015288 0.04995216408 16.3214200437
0.0212 382.929 0.000152736 0.058487043744 22.3963851738
0.0215 414.174 0.000152674 0.063233601276 26.1897135749
0.0218 464.423 0.000152673 0.070904852679 32.9298443957
0.0221 453.06 0.000152667 0.06916731102 31.3369419307
0.0224 492.61 0.000152614 0.07517918254 37.034017111
0.0227 498.641 0.000152551 0.076068183191 37.9307149345
0.023 491.113 0.00015265 0.07496839945 36.8179555591
0.0233 530.296 0.000152409 0.080821883064 42.8595213013
0.0236 551.25 0.000152452 0.084039165 46.3265897062
0.0239 533.475 0.000152309 0.081253043775 43.3464675279
0.0242 587.594 0.000152298 0.089489391012 52.5834292223
0.0245 606.552 0.000152262 0.092354820624 56.0180011591
0.0248 622.675 0.000152148 0.0947387559 58.99145483
0.0251 665.734 0.000152154 0.101294091036 67.4349204018
0.0254 672.511 0.000152009 0.102227724599 68.7492692978
0.0257 667.817 0.000151857 0.101412686169 67.7251158393
